<?xml version="1.0" encoding="UTF-8"?>
<MTConnectStreams xmlns:m="urn:mtconnect.org:MTConnectStreams:1.2" xmlns="urn:mtconnect.org:MTConnectStreams:1.2" xmlns:xsi="http://www.w3.org/2001/XMLSchema-instance" xsi:schemaLocation="urn:mtconnect.org:MTConnectStreams:1.2 http://www.mtconnect.org/schemas/MTConnectStreams_1.2.xsd">
	<Header creationTime="2022-11-17T05:09:02.969Z" sender="NGC" instanceId="1668657154" version="1.2.0.1.2" bufferSize="333" firstSequence="16123" lastSequence="16455" nextSequence="16456"/>
	<Streams>
		<DeviceStream name="Machine" uuid="000">
			<ComponentStream component="Spindles" componentId="spindles" name="Spindles">
				<Events>
					<Message dataItemId="sp1number" timestamp="2022-11-17T03:52:41.917Z" sequence="126" name="SpindleNumber">4</Message>
					<Message dataItemId="sp2enabled" timestamp="2022-11-17T03:52:41.920Z" sequence="147" name="SubSpindleEnabled">false</Message>
					<Message dataItemId="sp2maxpwr" timestamp="2022-11-17T03:52:41.948Z" sequence="190" name="SubSpindleMaxPower">0.0</Message>
					<Message dataItemId="sp3maxpwr" timestamp="2022-11-17T03:52:41.943Z" sequence="158" name="LiveToolMaxPower">0.0</Message>
					<Message dataItemId="sp3enabled" timestamp="2022-11-17T03:52:41.921Z" sequence="150" name="LiveToolEnabled">false</Message>
					<Message dataItemId="sp1maxpwr" timestamp="2022-11-17T03:52:41.919Z" sequence="137" name="SpindleMaxPower">15.0</Message>
					<Message dataItemId="sp2number" timestamp="2022-11-17T03:52:41.890Z" sequence="67" name="SubSpindleNumber">12</Message>
					<Message dataItemId="sp3number" timestamp="2022-11-17T03:52:41.915Z" sequence="112" name="LiveToolNumber">10</Message>
					<Message dataItemId="sp1enabled" timestamp="2022-11-17T03:52:41.887Z" sequence="53" name="SpindleEnabled">true</Message>
				</Events>
			</ComponentStream>
			<ComponentStream component="Gcodeoffset" componentId="gcodeoffset" name="GCodeOffset">
				<Events>
					<WorkOffset dataItemId="g92" timestamp="2022-11-17T03:53:28.017Z" sequence="215" name="G92">-0.7,0.0,-0.3,0.0,0.0,0.0</WorkOffset>
					<WorkOffset dataItemId="g154" timestamp="2022-11-17T03:52:41.884Z" sequence="29" name="G154">0.0,0.0,0.0,0.0,0.0,0.0 0.0,0.0,0.0,0.0,0.0,0.0 0.0,0.0,0.0,0.0,0.0,0.0 0.0,0.0,0.0,0.0,0.0,0.0 0.0,0.0,0.0,0.0,0.0,0.0 0.0,0.0,0.0,0.0,0.0,0.0 0.0,0.0,0.0,0.0,0.0,0.0 0.0,0.0,0.0,0.0,0.0,0.0 0.0,0.0,0.0,0.0,0.0,0.0 0.0,0.0,0.0,0.0,0.0,0.0 0.0,0.0,0.0,0.0,0.0,0.0 0.0,0.0,0.0,0.0,0.0,0.0 0.0,0.0,0.0,0.0,0.0,0.0 0.0,0.0,0.0,0.0,0.0,0.0 0.0,0.0,0.0,0.0,0.0,0.0 0.0,0.0,0.0,0.0,0.0,0.0 0.0,0.0,0.0,0.0,0.0,0.0 0.0,0.0,0.0,0.0,0.0,0.0 0.0,0.0,0.0,0.0,0.0,0.0 0.0,0.0,0.0,0.0,0.0,0.0 0.0,0.0,0.0,0.0,0.0,0.0 0.0,0.0,0.0,0.0,0.0,0.0 0.0,0.0,0.0,0.0,0.0,0.0 0.0,0.0,0.0,0.0,0.0,0.0 0.0,0.0,0.0,0.0,0.0,0.0 0.0,0.0,0.0,0.0,0.0,0.0 0.0,0.0,0.0,0.0,0.0,0.0 0.0,0.0,0.0,0.0,0.0,0.0 0.0,0.0,0.0,0.0,0.0,0.0 0.0,0.0,0.0,0.0,0.0,0.0 0.0,0.0,0.0,0.0,0.0,0.0 0.0,0.0,0.0,0.0,0.0,0.0 0.0,0.0,0.0,0.0,0.0,0.0 0.0,0.0,0.0,0.0,0.0,0.0 0.0,0.0,0.0,0.0,0.0,0.0 0.0,0.0,0.0,0.0,0.0,0.0 0.0,0.0,0.0,0.0,0.0,0.0 0.0,0.0,0.0,0.0,0.0,0.0 0.0,0.0,0.0,0.0,0.0,0.0 0.0,0.0,0.0,0.0,0.0,0.0 0.0,0.0,0.0,0.0,0.0,0.0 0.0,0.0,0.0,0.0,0.0,0.0 0.0,0.0,0.0,0.0,0.0,0.0 0.0,0.0,0.0,0.0,0.0,0.0 0.0,0.0,0.0,0.0,0.0,0.0 0.0,0.0,0.0,0.0,0.0,0.0 0.0,0.0,0.0,0.0,0.0,0.0 0.0,0.0,0.0,0.0,0.0,0.0 0.0,0.0,0.0,0.0,0.0,0.0 0.0,0.0,0.0,0.0,0.0,0.0 0.0,0.0,0.0,0.0,0.0,0.0 0.0,0.0,0.0,0.0,0.0,0.0 0.0,0.0,0.0,0.0,0.0,0.0 0.0,0.0,0.0,0.0,0.0,0.0 0.0,0.0,0.0,0.0,0.0,0.0 0.0,0.0,0.0,0.0,0.0,0.0 0.0,0.0,0.0,0.0,0.0,0.0 0.0,0.0,0.0,0.0,0.0,0.0 0.0,0.0,0.0,0.0,0.0,0.0 0.0,0.0,0.0,0.0,0.0,0.0 0.0,0.0,0.0,0.0,0.0,0.0 0.0,0.0,0.0,0.0,0.0,0.0 0.0,0.0,0.0,0.0,0.0,0.0 0.0,0.0,0.0,0.0,0.0,0.0 0.0,0.0,0.0,0.0,0.0,0.0 0.0,0.0,0.0,0.0,0.0,0.0 0.0,0.0,0.0,0.0,0.0,0.0 0.0,0.0,0.0,0.0,0.0,0.0 0.0,0.0,0.0,0.0,0.0,0.0 0.0,0.0,0.0,0.0,0.0,0.0 0.0,0.0,0.0,0.0,0.0,0.0 0.0,0.0,0.0,0.0,0.0,0.0 0.0,0.0,0.0,0.0,0.0,0.0 0.0,0.0,0.0,0.0,0.0,0.0 0.0,0.0,0.0,0.0,0.0,0.0 0.0,0.0,0.0,0.0,0.0,0.0 0.0,0.0,0.0,0.0,0.0,0.0 0.0,0.0,0.0,0.0,0.0,0.0 0.0,0.0,0.0,0.0,0.0,0.0 0.0,0.0,0.0,0.0,0.0,0.0 0.0,0.0,0.0,0.0,0.0,0.0 0.0,0.0,0.0,0.0,0.0,0.0 0.0,0.0,0.0,0.0,0.0,0.0 0.0,0.0,0.0,0.0,0.0,0.0 0.0,0.0,0.0,0.0,0.0,0.0 0.0,0.0,0.0,0.0,0.0,0.0 0.0,0.0,0.0,0.0,0.0,0.0 0.0,0.0,0.0,0.0,0.0,0.0 0.0,0.0,0.0,0.0,0.0,0.0 0.0,0.0,0.0,0.0,0.0,0.0 0.0,0.0,0.0,0.0,0.0,0.0 0.0,0.0,0.0,0.0,0.0,0.0 0.0,0.0,0.0,0.0,0.0,0.0 0.0,0.0,0.0,0.0,0.0,0.0 0.0,0.0,0.0,0.0,0.0,0.0 0.0,0.0,0.0,0.0,0.0,0.0 0.0,0.0,0.0,0.0,0.0,0.0 0.0,0.0,0.0,0.0,0.0,0.0 -0.7,0.0,-0.3,0.0,0.0,0.0</WorkOffset>
					<WorkOffset dataItemId="g57" timestamp="2022-11-17T03:52:41.912Z" sequence="92" name="G57">-671.6586101044728,-227.4600109313916,0.0,0.0,0.0,0.0</WorkOffset>
					<WorkOffset dataItemId="g58" timestamp="2022-11-17T03:52:41.911Z" sequence="91" name="G58">0.0,0.0,0.0,0.0,0.0,0.0</WorkOffset>
					<WorkOffset dataItemId="g50" timestamp="2022-11-17T03:52:41.913Z" sequence="99" name="G50">0.0,0.0,0.0,0.0,0.0,0.0</WorkOffset>
					<WorkOffset dataItemId="g55" timestamp="2022-11-17T03:52:41.912Z" sequence="94" name="G55">-633.4000024529125,-258.36006368402036,0.0,0.0,0.0,0.0</WorkOffset>
					<WorkOffset dataItemId="comm" timestamp="2022-11-17T03:52:41.885Z" sequence="39" name="Comm">0.0,0.0,0.0,0.0,0.0,0.0</WorkOffset>
					<WorkOffset dataItemId="g56" timestamp="2022-11-17T03:52:41.912Z" sequence="93" name="G56">-632.419742732499,-251.799904032319,0.0,0.0,0.0,0.0</WorkOffset>
					<WorkOffset dataItemId="g54" timestamp="2022-11-17T03:52:41.912Z" sequence="95" name="G54">-633.4000024529125,-258.36006368402036,0.0,0.0,0.0,0.0</WorkOffset>
					<WorkOffset dataItemId="g59" timestamp="2022-11-17T03:52:41.911Z" sequence="90" name="G59">0.0,0.0,0.0,0.0,0.0,0.0</WorkOffset>
					<WorkOffset dataItemId="g52" timestamp="2022-11-17T03:52:41.912Z" sequence="96" name="G52">0.0,0.0,0.0,0.0,0.0,0.0</WorkOffset>
					<Material dataItemId="workmaterial" timestamp="2022-11-17T03:52:41.945Z" sequence="172" name="WorkMaterial">0,0,0,0,0,0,0,0,0,0,0,0,0,0,0,0,0,0,0,0,0,0,0,0,0,0,0,0,0,0,0,0,0,0,0,0,0,0,0,0,0,0,0,0,0,0,0,0,0,0,0,0,0,0,0,0,0,0,0,0,0,0,0,0,0,0,0,0,0,0,0,0,0,0,0,0,0,0,0,0,0,0,0,0,0,0,0,0,0,0,0,0,0,0,0,0,0,0,0,0,0,0,0,0,0,0,0,0,0</Material>
				</Events>
			</ComponentStream>
			<ComponentStream component="Spindlecenterline" componentId="spindleCenterline" name="SpindleCenterline">
				<Events>
					<Position dataItemId="botx" timestamp="2022-11-17T03:52:41.889Z" sequence="63" name="Botx">0.0</Position>
					<Position dataItemId="centerliney" timestamp="2022-11-17T03:52:41.945Z" sequence="169" name="CenterLineY">0.0</Position>
					<Position dataItemId="vdix" timestamp="2022-11-17T03:52:41.946Z" sequence="180" name="VdiX">0.0</Position>
				</Events>
			</ComponentStream>
			<ComponentStream component="Tailstock" componentId="tailstock" name="TailStock">
				<Events>
					<Message dataItemId="tailstockxclearance" timestamp="2022-11-17T03:52:41.921Z" sequence="151" name="TailstockXClearance">0.0</Message>
					<Message dataItemId="tailstockzclearance" timestamp="2022-11-17T03:52:41.890Z" sequence="72" name="TailstockZClearance">0.0</Message>
				</Events>
			</ComponentStream>
			<ComponentStream component="Linearrotary" componentId="linearrotary" name="LinearRotary">
				<Events>
					<Message dataItemId="axisnumber" timestamp="2022-11-17T03:52:41.918Z" sequence="133" name="AxisNumber">1,2,3,5,6,7</Message>
					<ActiveAxes dataItemId="xyzabc" timestamp="2022-11-17T03:52:41.882Z" sequence="18" name="XYZABC">X_AXIS,Y_AXIS,Z_AXIS</ActiveAxes>
					<Message dataItemId="axisofrotation" timestamp="2022-11-17T03:52:41.946Z" sequence="177" name="AxisOfRotation">N/A,N/A,N/A,X_AXIS,Y_AXIS,Z_AXIS</Message>
					<Message dataItemId="rotaryposlimit" timestamp="2022-11-17T03:52:41.910Z" sequence="82" name="RotaryPositiveLimit">N/A,N/A,N/A,NaN,NaN,NaN</Message>
					<Message dataItemId="linearneglimit" timestamp="2022-11-17T03:52:41.882Z" sequence="19" name="LinearNegativeLimit">-1270.0,-508.0,-617.355,N/A,N/A,N/A</Message>
					<Message dataItemId="linearposlimit" timestamp="2022-11-17T03:52:41.913Z" sequence="101" name="LinearPositiveLimit">0.0,0.0,17.6453572909345,N/A,N/A,N/A</Message>
					<Message dataItemId="axistype" timestamp="2022-11-17T03:52:41.890Z" sequence="73" name="AxisType">[Par:1.056 [:] X-Axis Mocon Channel Algorithm  Num:1.056  Val:0  Init:true],[Par:2.056 [:] Y-Axis Mocon Channel Algorithm  Num:2.056  Val:0  Init:true],[Par:3.056 [:] Z-Axis Mocon Channel Algorithm  Num:3.056  Val:0  Init:true],[Par:5.056 [:] A-Axis Mocon Channel Algorithm  Num:5.056  Val:0  Init:true],[Par:6.056 [:] B-Axis Mocon Channel Algorithm  Num:6.056  Val:0  Init:true],[Par:7.056 [:] C-Axis Mocon Channel Algorithm  Num:7.056  Val:0  Init:true]</Message>
					<Message dataItemId="rotaryneglimit" timestamp="2022-11-17T03:52:41.889Z" sequence="64" name="RotaryNegativeLimit">N/A,N/A,N/A,NaN,NaN,NaN</Message>
					<Message dataItemId="axisenabled" timestamp="2022-11-17T03:52:41.891Z" sequence="79" name="AxisEnabled">1,1,1,0,0,0</Message>
				</Events>
			</ComponentStream>
			<ComponentStream component="Contourcontrol" componentId="cc" name="ContourControl">
				<Events>
					<PathFeedrateOverride dataItemId="contrtimecons" timestamp="2022-11-17T03:52:41.882Z" sequence="21" name="ContourTimeConstant">3.0</PathFeedrateOverride>
					<PathFeedrateOverride dataItemId="contrmaxaccl" timestamp="2022-11-17T03:52:41.917Z" sequence="127" name="ContourMaxAccel">1098.633076</PathFeedrateOverride>
					<PathFeedrateOverride dataItemId="smooth" timestamp="2022-11-17T03:52:41.884Z" sequence="32" name="Smoothness">0</PathFeedrateOverride>
					<PathFeedrateOverride dataItemId="maxcrnrrnd" timestamp="2022-11-17T03:52:41.943Z" sequence="157" name="MaxCornerRound">0.635</PathFeedrateOverride>
					<PathFeedrateOverride dataItemId="fdeltav" timestamp="2022-11-17T03:52:41.886Z" sequence="40" name="FeedDeltaV">0.004395</PathFeedrateOverride>
					<PathFeedrate dataItemId="mfdrate" timestamp="2022-11-17T03:52:41.888Z" sequence="56" name="MaximumFeedRate">16510.0</PathFeedrate>
				</Events>
			</ComponentStream>
			<ComponentStream component="Toolchangeposition" componentId="toolchangeposition" name="ToolChangePosition">
				<Events>
					<Position dataItemId="lathetcypos" timestamp="2022-11-17T03:52:41.943Z" sequence="159" name="LatheTcYPos">0.000</Position>
					<Position dataItemId="milltcxpos" timestamp="2022-11-17T03:52:41.947Z" sequence="182" name="MillTcXPos">0.0</Position>
					<Position dataItemId="lathetczpos" timestamp="2022-11-17T03:52:41.947Z" sequence="185" name="LatheTczPos">0.000</Position>
					<Position dataItemId="milltczpos" timestamp="2022-11-17T03:52:41.918Z" sequence="130" name="MillTcZPos">17.6453572909345</Position>
					<Position dataItemId="lathetcxpos" timestamp="2022-11-17T03:52:41.921Z" sequence="153" name="LatheTcXPos">0.000</Position>
					<Position dataItemId="milltcypos" timestamp="2022-11-17T03:52:41.944Z" sequence="163" name="MillTcYPos">0.0</Position>
				</Events>
			</ComponentStream>
			<ComponentStream component="Lengthandwear" componentId="lengthandwearmill" name="LengthAndWearMill">
				<Events>
					<Message dataItemId="lengthgeo" timestamp="2022-11-17T03:52:41.948Z" sequence="188" name="LengthGeometry">-429.89994081961356,-482.64995281357614,-534.1400017074169,-544.4199536913277,-468.3999569331937,-467.4999375748476,-511.8999930627792,-477.49993092253493,-470.49991022321944,-271.7999042173862,-343.0999855822307,-306.40000077898475,-399.8999387971429,-397.59999624133087,-440.6500008451648,-444.1800011030633,-354.0999367071159,-445.54994912585,-326.19999734201576,-458.0899457926513,-464.62996910042585,-497.23990340005577,-524.719993280588,-527.1001023516013,-526.2299399054356,0.0,-275.30000031589753,-335.39994004923216,-302.3999980558509,148.01599999999996,-496.10001311670356,0.0,0.0,148.024,148.024,0.0,0.0,0.0,0.0,0.0,0.0,0.0,0.0,0.0,0.0,0.0,0.0,0.0,0.0,0.0,0.0,0.0,0.0,0.0,0.0,0.0,0.0,0.0,0.0,0.0,0.0,0.0,0.0,0.0,0.0,0.0,0.0,0.0,0.0,0.0,0.0,0.0,0.0,0.0,0.0,0.0,0.0,0.0,0.0,0.0,0.0,0.0,0.0,0.0,0.0,0.0,0.0,0.0,0.0,0.0,0.0,0.0,0.0,0.0,0.0,0.0,0.0,0.0,0.0,0.0,0.0,0.0,0.0,0.0,0.0,0.0,0.0,0.0,0.0,0.0,0.0,0.0,0.0,0.0,0.0,0.0,0.0,0.0,0.0,0.0,0.0,0.0,0.0,0.0,0.0,0.0,0.0,0.0,0.0,0.0,0.0,0.0,0.0,0.0,0.0,0.0,0.0,0.0,0.0,0.0,0.0,0.0,0.0,0.0,0.0,0.0,0.0,0.0,0.0,0.0,0.0,0.0,0.0,0.0,0.0,0.0,0.0,0.0,0.0,0.0,0.0,0.0,0.0,0.0,0.0,0.0,0.0,0.0,0.0,0.0,0.0,0.0,0.0,0.0,0.0,0.0,0.0,0.0,0.0,0.0,0.0,0.0,0.0,0.0,0.0,0.0,0.0,0.0,0.0,0.0,0.0,0.0,0.0,0.0,0.0,0.0,0.0,0.0,0.0,7.5</Message>
					<Message dataItemId="toolclearance" timestamp="2022-11-17T03:52:41.884Z" sequence="33" name="ToolClearance">0.0,0.0,0.0,0.0,0.0,0.0,0.0,0.0,0.0,0.0,0.0,0.0,0.0,0.0,0.0,0.0,0.0,0.0,0.0,0.0,0.0,0.0,0.0,0.0,0.0,0.0,0.0,0.0,0.0,0.0,0.0,0.0,0.0,0.0,0.0,0.0,0.0,0.0,0.0,0.0,0.0,0.0,0.0,0.0,0.0,0.0,0.0,0.0,0.0,0.0,0.0,0.0,0.0,0.0,0.0,0.0,0.0,0.0,0.0,0.0,0.0,0.0,0.0,0.0,0.0,0.0,0.0,0.0,0.0,0.0,0.0,0.0,0.0,0.0,0.0,0.0,0.0,0.0,0.0,0.0,0.0,0.0,0.0,0.0,0.0,0.0,0.0,0.0,0.0,0.0,0.0,0.0,0.0,0.0,0.0,0.0,0.0,0.0,0.0,0.0,0.0,0.0,0.0,0.0,0.0,0.0,0.0,0.0,0.0,0.0,0.0,0.0,0.0,0.0,0.0,0.0,0.0,0.0,0.0,0.0,0.0,0.0,0.0,0.0,0.0,0.0,0.0,0.0,0.0,0.0,0.0,0.0,0.0,0.0,0.0,0.0,0.0,0.0,0.0,0.0,0.0,0.0,0.0,0.0,0.0,0.0,0.0,0.0,0.0,0.0,0.0,0.0,0.0,0.0,0.0,0.0,0.0,0.0,0.0,0.0,0.0,0.0,0.0,0.0,0.0,0.0,0.0,0.0,0.0,0.0,0.0,0.0,0.0,0.0,0.0,0.0,0.0,0.0,0.0,0.0,0.0,0.0,0.0,0.0,0.0,0.0,0.0,0.0,0.0,0.0,0.0,0.0,0.0,0.0,0.0,0.0,0.0,0.0,0.0,0.0</Message>
					<Message dataItemId="edgemeasure" timestamp="2022-11-17T03:52:41.881Z" sequence="15" name="EdgeMeasure">0.0,0.0,0.0,0.0,0.0,0.0,0.0,0.0,0.0,0.0,0.0,0.0,0.0,0.0,0.0,0.0,0.0,0.0,0.0,0.0,0.0,0.0,0.0,0.0,0.0,0.0,0.0,0.0,0.0,0.0,0.0,0.0,0.0,0.0,0.0,0.0,0.0,0.0,0.0,0.0,0.0,0.0,0.0,0.0,0.0,0.0,0.0,0.0,0.0,0.0,0.0,0.0,0.0,0.0,0.0,0.0,0.0,0.0,0.0,0.0,0.0,0.0,0.0,0.0,0.0,0.0,0.0,0.0,0.0,0.0,0.0,0.0,0.0,0.0,0.0,0.0,0.0,0.0,0.0,0.0,0.0,0.0,0.0,0.0,0.0,0.0,0.0,0.0,0.0,0.0,0.0,0.0,0.0,0.0,0.0,0.0,0.0,0.0,0.0,0.0,0.0,0.0,0.0,0.0,0.0,0.0,0.0,0.0,0.0,0.0,0.0,0.0,0.0,0.0,0.0,0.0,0.0,0.0,0.0,0.0,0.0,0.0,0.0,0.0,0.0,0.0,0.0,0.0,0.0,0.0,0.0,0.0,0.0,0.0,0.0,0.0,0.0,0.0,0.0,0.0,0.0,0.0,0.0,0.0,0.0,0.0,0.0,0.0,0.0,0.0,0.0,0.0,0.0,0.0,0.0,0.0,0.0,0.0,0.0,0.0,0.0,0.0,0.0,0.0,0.0,0.0,0.0,0.0,0.0,0.0,0.0,0.0,0.0,0.0,0.0,0.0,0.0,0.0,0.0,0.0,0.0,0.0,0.0,0.0,0.0,0.0,0.0,0.0,0.0,0.0,0.0,0.0,0.0,0.0,0.0,0.0,0.0,0.0,0.0,0.0</Message>
					<Message dataItemId="approxdiam" timestamp="2022-11-17T03:52:41.915Z" sequence="113" name="ApproxDiameter">0.0,0.0,0.0,0.0,0.0,0.0,0.0,0.0,0.0,0.0,0.0,0.0,0.0,0.0,0.0,0.0,0.0,0.0,0.0,0.0,0.0,0.0,0.0,0.0,0.0,0.0,0.0,0.0,0.0,0.0,0.0,0.0,0.0,0.0,0.0,0.0,0.0,0.0,0.0,0.0,0.0,0.0,0.0,0.0,0.0,0.0,0.0,0.0,0.0,0.0,0.0,0.0,0.0,0.0,0.0,0.0,0.0,0.0,0.0,0.0,0.0,0.0,0.0,0.0,0.0,0.0,0.0,0.0,0.0,0.0,0.0,0.0,0.0,0.0,0.0,0.0,0.0,0.0,0.0,0.0,0.0,0.0,0.0,0.0,0.0,0.0,0.0,0.0,0.0,0.0,0.0,0.0,0.0,0.0,0.0,0.0,0.0,0.0,0.0,0.0,0.0,0.0,0.0,0.0,0.0,0.0,0.0,0.0,0.0,0.0,0.0,0.0,0.0,0.0,0.0,0.0,0.0,0.0,0.0,0.0,0.0,0.0,0.0,0.0,0.0,0.0,0.0,0.0,0.0,0.0,0.0,0.0,0.0,0.0,0.0,0.0,0.0,0.0,0.0,0.0,0.0,0.0,0.0,0.0,0.0,0.0,0.0,0.0,0.0,0.0,0.0,0.0,0.0,0.0,0.0,0.0,0.0,0.0,0.0,0.0,0.0,0.0,0.0,0.0,0.0,0.0,0.0,0.0,0.0,0.0,0.0,0.0,0.0,0.0,0.0,0.0,0.0,0.0,0.0,0.0,0.0,0.0,0.0,0.0,0.0,0.0,0.0,0.0,0.0,0.0,0.0,0.0,0.0,0.0,0.0,0.0,0.0,0.0,0.0,0.0</Message>
					<Message dataItemId="approxlength" timestamp="2022-11-17T03:52:41.948Z" sequence="192" name="ApproxLength">0.0,0.0,0.0,0.0,0.0,0.0,0.0,0.0,0.0,0.0,0.0,0.0,0.0,0.0,0.0,0.0,0.0,0.0,0.0,0.0,0.0,0.0,0.0,0.0,0.0,0.0,0.0,0.0,0.0,0.0,0.0,0.0,0.0,0.0,0.0,0.0,0.0,0.0,0.0,0.0,0.0,0.0,0.0,0.0,0.0,0.0,0.0,0.0,0.0,0.0,0.0,0.0,0.0,0.0,0.0,0.0,0.0,0.0,0.0,0.0,0.0,0.0,0.0,0.0,0.0,0.0,0.0,0.0,0.0,0.0,0.0,0.0,0.0,0.0,0.0,0.0,0.0,0.0,0.0,0.0,0.0,0.0,0.0,0.0,0.0,0.0,0.0,0.0,0.0,0.0,0.0,0.0,0.0,0.0,0.0,0.0,0.0,0.0,0.0,0.0,0.0,0.0,0.0,0.0,0.0,0.0,0.0,0.0,0.0,0.0,0.0,0.0,0.0,0.0,0.0,0.0,0.0,0.0,0.0,0.0,0.0,0.0,0.0,0.0,0.0,0.0,0.0,0.0,0.0,0.0,0.0,0.0,0.0,0.0,0.0,0.0,0.0,0.0,0.0,0.0,0.0,0.0,0.0,0.0,0.0,0.0,0.0,0.0,0.0,0.0,0.0,0.0,0.0,0.0,0.0,0.0,0.0,0.0,0.0,0.0,0.0,0.0,0.0,0.0,0.0,0.0,0.0,0.0,0.0,0.0,0.0,0.0,0.0,0.0,0.0,0.0,0.0,0.0,0.0,0.0,0.0,0.0,0.0,0.0,0.0,0.0,0.0,0.0,0.0,0.0,0.0,0.0,0.0,0.0,0.0,0.0,0.0,0.0,0.0,0.0</Message>
					<Message dataItemId="cintpos" timestamp="2022-11-17T03:52:41.910Z" sequence="81" name="CoolantPosition">0,0,0,0,0,0,0,0,0,0,0,0,0,0,0,0,0,0,0,0,0,0,0,0,0,0,0,0,0,0,0,0,0,0,0,0,0,0,0,0,0,0,0,0,0,0,0,0,0,0,0,0,0,0,0,0,0,0,0,0,0,0,0,0,0,0,0,0,0,0,0,0,0,0,0,0,0,0,0,0,0,0,0,0,0,0,0,0,0,0,0,0,0,0,0,0,0,0,0,0,0,0,0,0,0,0,0,0,0,0,0,0,0,0,0,0,0,0,0,0,0,0,0,0,0,0,0,0,0,0,0,0,0,0,0,0,0,0,0,0,0,0,0,0,0,0,0,0,0,0,0,0,0,0,0,0,0,0,0,0,0,0,0,0,0,0,0,0,0,0,0,0,0,0,0,0,0,0,0,0,0,0,0,0,0,0,0,0,0,0,0,0,0,0,0,0,0,0,0,0</Message>
					<Message dataItemId="actualdiam" timestamp="2022-11-17T03:52:41.944Z" sequence="164" name="ActualDiameter">0.0,0.0,0.0,0.0,0.0,0.0,0.0,0.0,0.0,0.0,0.0,0.0,0.0,0.0,0.0,0.0,0.0,0.0,0.0,0.0,0.0,0.0,0.0,0.0,0.0,0.0,0.0,0.0,0.0,0.0,0.0,0.0,0.0,0.0,0.0,0.0,0.0,0.0,0.0,0.0,0.0,0.0,0.0,0.0,0.0,0.0,0.0,0.0,0.0,0.0,0.0,0.0,0.0,0.0,0.0,0.0,0.0,0.0,0.0,0.0,0.0,0.0,0.0,0.0,0.0,0.0,0.0,0.0,0.0,0.0,0.0,0.0,0.0,0.0,0.0,0.0,0.0,0.0,0.0,0.0,0.0,0.0,0.0,0.0,0.0,0.0,0.0,0.0,0.0,0.0,0.0,0.0,0.0,0.0,0.0,0.0,0.0,0.0,0.0,0.0,0.0,0.0,0.0,0.0,0.0,0.0,0.0,0.0,0.0,0.0,0.0,0.0,0.0,0.0,0.0,0.0,0.0,0.0,0.0,0.0,0.0,0.0,0.0,0.0,0.0,0.0,0.0,0.0,0.0,0.0,0.0,0.0,0.0,0.0,0.0,0.0,0.0,0.0,0.0,0.0,0.0,0.0,0.0,0.0,0.0,0.0,0.0,0.0,0.0,0.0,0.0,0.0,0.0,0.0,0.0,0.0,0.0,0.0,0.0,0.0,0.0,0.0,0.0,0.0,0.0,0.0,0.0,0.0,0.0,0.0,0.0,0.0,0.0,0.0,0.0,0.0,0.0,0.0,0.0,0.0,0.0,0.0,0.0,0.0,0.0,0.0,0.0,0.0,0.0,0.0,0.0,0.0,0.0,0.0,0.0,0.0,0.0,0.0,0.0,0.0</Message>
					<Message dataItemId="toolid" timestamp="2022-11-17T03:52:41.890Z" sequence="71" name="TOOL_ASSET_ID">1,2,3,4,5,6,7,8,9,10,11,12,13,14,15,16,17,18,19,20,21,22,23,24,25,26,27,28,29,30,31,32,33,34,35,36,37,38,39,40,41,42,43,44,45,46,47,48,49,50,51,52,53,54,55,56,57,58,59,60,61,62,63,64,65,66,67,68,69,70,71,72,73,74,75,76,77,78,79,80,81,82,83,84,85,86,87,88,89,90,91,92,93,94,95,96,97,98,99,100,101,102,103,104,105,106,107,108,109,110,111,112,113,114,115,116,117,118,119,120,121,122,123,124,125,126,127,128,129,130,131,132,133,134,135,136,137,138,139,140,141,142,143,144,145,146,147,148,149,150,151,152,153,154,155,156,157,158,159,160,161,162,163,164,165,166,167,168,169,170,171,172,173,174,175,176,177,178,179,180,181,182,183,184,185,186,187,188,189,190,191,192,193,194,195,196,197,198,199,200</Message>
					<Message dataItemId="flutes" timestamp="2022-11-17T03:52:41.945Z" sequence="171" name="Flutes">2,2,2,2,2,2,2,2,2,2,2,2,2,2,2,2,2,2,2,2,2,2,2,2,2,2,2,2,2,2,2,2,2,2,2,2,2,2,2,2,2,2,2,2,2,2,2,2,2,2,2,2,2,2,2,2,2,2,2,2,2,2,2,2,2,2,2,2,2,2,2,2,2,2,2,2,2,2,2,2,2,2,2,2,2,2,2,2,2,2,2,2,2,2,2,2,2,2,2,2,2,2,2,2,2,2,2,2,2,2,2,2,2,2,2,2,2,2,2,2,2,2,2,2,2,2,2,2,2,2,2,2,2,2,2,2,2,2,2,2,2,2,2,2,2,2,2,2,2,2,2,2,2,2,2,2,2,2,2,2,2,2,2,2,2,2,2,2,2,2,2,2,2,2,2,2,2,2,2,2,2,2,2,2,2,2,2,2,2,2,2,2,2,2,2,2,2,2,2,2</Message>
					<Message dataItemId="diamgeo" timestamp="2022-11-17T03:52:41.891Z" sequence="74" name="DiameterGeometry">0.0,0.0,0.0,0.0,0.0,0.0,0.0,0.0,0.0,0.0,0.0,0.0,0.0,0.0,0.0,0.0,0.0,0.0,0.0,0.0,0.0,0.0,0.0,0.0,0.0,0.0,0.0,0.0,0.0,0.0,0.0,0.0,0.0,0.0,0.0,0.0,0.0,0.0,0.0,0.0,0.0,0.0,0.0,0.0,0.0,0.0,0.0,0.0,0.0,0.0,0.0,0.0,0.0,0.0,0.0,0.0,0.0,0.0,0.0,0.0,0.0,0.0,0.0,0.0,0.0,0.0,0.0,0.0,0.0,0.0,0.0,0.0,0.0,0.0,0.0,0.0,0.0,0.0,0.0,0.0,0.0,0.0,0.0,0.0,0.0,0.0,0.0,0.0,0.0,0.0,0.0,0.0,0.0,0.0,0.0,0.0,0.0,0.0,0.0,0.0,0.0,0.0,0.0,0.0,0.0,0.0,0.0,0.0,0.0,0.0,0.0,0.0,0.0,0.0,0.0,0.0,0.0,0.0,0.0,0.0,0.0,0.0,0.0,0.0,0.0,0.0,0.0,0.0,0.0,0.0,0.0,0.0,0.0,0.0,0.0,0.0,0.0,0.0,0.0,0.0,0.0,0.0,0.0,0.0,0.0,0.0,0.0,0.0,0.0,0.0,0.0,0.0,0.0,0.0,0.0,0.0,0.0,0.0,0.0,0.0,0.0,0.0,0.0,0.0,0.0,0.0,0.0,0.0,0.0,0.0,0.0,0.0,0.0,0.0,0.0,0.0,0.0,0.0,0.0,0.0,0.0,0.0,0.0,0.0,0.0,0.0,0.0,0.0,0.0,0.0,0.0,0.0,0.0,0.0,0.0,0.0,0.0,0.0,0.0,0.0</Message>
					<Message dataItemId="probetype" timestamp="2022-11-17T03:52:41.921Z" sequence="152" name="ProbeType">0,0,0,0,0,0,0,0,0,0,0,0,0,0,0,0,0,0,0,0,0,0,0,0,0,0,0,0,0,0,0,0,0,0,0,0,0,0,0,0,0,0,0,0,0,0,0,0,0,0,0,0,0,0,0,0,0,0,0,0,0,0,0,0,0,0,0,0,0,0,0,0,0,0,0,0,0,0,0,0,0,0,0,0,0,0,0,0,0,0,0,0,0,0,0,0,0,0,0,0,0,0,0,0,0,0,0,0,0,0,0,0,0,0,0,0,0,0,0,0,0,0,0,0,0,0,0,0,0,0,0,0,0,0,0,0,0,0,0,0,0,0,0,0,0,0,0,0,0,0,0,0,0,0,0,0,0,0,0,0,0,0,0,0,0,0,0,0,0,0,0,0,0,0,0,0,0,0,0,0,0,0,0,0,0,0,0,0,0,0,0,0,0,0,0,0,0,0,0,0</Message>
					<Message dataItemId="diamwear" timestamp="2022-11-17T03:52:41.886Z" sequence="44" name="DiameterWear">0.0,0.0,0.0,0.0,0.0,0.0,0.0,0.0,0.0,0.0,0.0,0.0,0.0,0.0,0.0,0.0,0.0,0.0,0.0,0.0,0.0,0.0,0.0,0.0,0.0,0.0,0.0,0.0,0.0,0.0,0.0,0.0,0.0,0.0,0.0,0.0,0.0,0.0,0.0,0.0,0.0,0.0,0.0,0.0,0.0,0.0,0.0,0.0,0.0,0.0,0.0,0.0,0.0,0.0,0.0,0.0,0.0,0.0,0.0,0.0,0.0,0.0,0.0,0.0,0.0,0.0,0.0,0.0,0.0,0.0,0.0,0.0,0.0,0.0,0.0,0.0,0.0,0.0,0.0,0.0,0.0,0.0,0.0,0.0,0.0,0.0,0.0,0.0,0.0,0.0,0.0,0.0,0.0,0.0,0.0,0.0,0.0,0.0,0.0,0.0,0.0,0.0,0.0,0.0,0.0,0.0,0.0,0.0,0.0,0.0,0.0,0.0,0.0,0.0,0.0,0.0,0.0,0.0,0.0,0.0,0.0,0.0,0.0,0.0,0.0,0.0,0.0,0.0,0.0,0.0,0.0,0.0,0.0,0.0,0.0,0.0,0.0,0.0,0.0,0.0,0.0,0.0,0.0,0.0,0.0,0.0,0.0,0.0,0.0,0.0,0.0,0.0,0.0,0.0,0.0,0.0,0.0,0.0,0.0,0.0,0.0,0.0,0.0,0.0,0.0,0.0,0.0,0.0,0.0,0.0,0.0,0.0,0.0,0.0,0.0,0.0,0.0,0.0,0.0,0.0,0.0,0.0,0.0,0.0,0.0,0.0,0.0,0.0,0.0,0.0,0.0,0.0,0.0,0.0,0.0,0.0,0.0,0.0,0.0,0.0</Message>
					<Message dataItemId="toolmaterial" timestamp="2022-11-17T03:52:41.888Z" sequence="54" name="ToolMaterial">0,0,0,0,0,0,0,0,0,0,0,0,0,0,0,0,0,0,0,0,0,0,0,0,0,0,0,0,0,0,0,0,0,0,0,0,0,0,0,0,0,0,0,0,0,0,0,0,0,0,0,0,0,0,0,0,0,0,0,0,0,0,0,0,0,0,0,0,0,0,0,0,0,0,0,0,0,0,0,0,0,0,0,0,0,0,0,0,0,0,0,0,0,0,0,0,0,0,0,0,0,0,0,0,0,0,0,0,0,0,0,0,0,0,0,0,0,0,0,0,0,0,0,0,0,0,0,0,0,0,0,0,0,0,0,0,0,0,0,0,0,0,0,0,0,0,0,0,0,0,0,0,0,0,0,0,0,0,0,0,0,0,0,0,0,0,0,0,0,0,0,0,0,0,0,0,0,0,0,0,0,0,0,0,0,0,0,0,0,0,0,0,0,0,0,0,0,0,0,0</Message>
					<Message dataItemId="tooltype" timestamp="2022-11-17T03:52:41.919Z" sequence="141" name="ToolType">NO_TOOL_TYPE,NO_TOOL_TYPE,NO_TOOL_TYPE,NO_TOOL_TYPE,NO_TOOL_TYPE,NO_TOOL_TYPE,NO_TOOL_TYPE,NO_TOOL_TYPE,NO_TOOL_TYPE,NO_TOOL_TYPE,NO_TOOL_TYPE,NO_TOOL_TYPE,NO_TOOL_TYPE,NO_TOOL_TYPE,NO_TOOL_TYPE,NO_TOOL_TYPE,NO_TOOL_TYPE,NO_TOOL_TYPE,NO_TOOL_TYPE,NO_TOOL_TYPE,NO_TOOL_TYPE,NO_TOOL_TYPE,NO_TOOL_TYPE,NO_TOOL_TYPE,NO_TOOL_TYPE,NO_TOOL_TYPE,NO_TOOL_TYPE,NO_TOOL_TYPE,NO_TOOL_TYPE,NO_TOOL_TYPE,PROBE,NO_TOOL_TYPE,NO_TOOL_TYPE,NO_TOOL_TYPE,NO_TOOL_TYPE,NO_TOOL_TYPE,NO_TOOL_TYPE,NO_TOOL_TYPE,NO_TOOL_TYPE,NO_TOOL_TYPE,NO_TOOL_TYPE,NO_TOOL_TYPE,NO_TOOL_TYPE,NO_TOOL_TYPE,NO_TOOL_TYPE,NO_TOOL_TYPE,NO_TOOL_TYPE,NO_TOOL_TYPE,NO_TOOL_TYPE,NO_TOOL_TYPE,NO_TOOL_TYPE,NO_TOOL_TYPE,NO_TOOL_TYPE,NO_TOOL_TYPE,NO_TOOL_TYPE,NO_TOOL_TYPE,NO_TOOL_TYPE,NO_TOOL_TYPE,NO_TOOL_TYPE,NO_TOOL_TYPE,NO_TOOL_TYPE,NO_TOOL_TYPE,NO_TOOL_TYPE,NO_TOOL_TYPE,NO_TOOL_TYPE,NO_TOOL_TYPE,NO_TOOL_TYPE,NO_TOOL_TYPE,NO_TOOL_TYPE,NO_TOOL_TYPE,NO_TOOL_TYPE,NO_TOOL_TYPE,NO_TOOL_TYPE,NO_TOOL_TYPE,NO_TOOL_TYPE,NO_TOOL_TYPE,NO_TOOL_TYPE,NO_TOOL_TYPE,NO_TOOL_TYPE,NO_TOOL_TYPE,NO_TOOL_TYPE,NO_TOOL_TYPE,NO_TOOL_TYPE,NO_TOOL_TYPE,NO_TOOL_TYPE,NO_TOOL_TYPE,NO_TOOL_TYPE,NO_TOOL_TYPE,NO_TOOL_TYPE,NO_TOOL_TYPE,NO_TOOL_TYPE,NO_TOOL_TYPE,NO_TOOL_TYPE,NO_TOOL_TYPE,NO_TOOL_TYPE,NO_TOOL_TYPE,NO_TOOL_TYPE,NO_TOOL_TYPE,NO_TOOL_TYPE,NO_TOOL_TYPE,NO_TOOL_TYPE,NO_TOOL_TYPE,NO_TOOL_TYPE,NO_TOOL_TYPE,NO_TOOL_TYPE,NO_TOOL_TYPE,NO_TOOL_TYPE,NO_TOOL_TYPE,NO_TOOL_TYPE,NO_TOOL_TYPE,NO_TOOL_TYPE,NO_TOOL_TYPE,NO_TOOL_TYPE,NO_TOOL_TYPE,NO_TOOL_TYPE,NO_TOOL_TYPE,NO_TOOL_TYPE,NO_TOOL_TYPE,NO_TOOL_TYPE,NO_TOOL_TYPE,NO_TOOL_TYPE,NO_TOOL_TYPE,NO_TOOL_TYPE,NO_TOOL_TYPE,NO_TOOL_TYPE,NO_TOOL_TYPE,NO_TOOL_TYPE,NO_TOOL_TYPE,NO_TOOL_TYPE,NO_TOOL_TYPE,NO_TOOL_TYPE,NO_TOOL_TYPE,NO_TOOL_TYPE,NO_TOOL_TYPE,NO_TOOL_TYPE,NO_TOOL_TYPE,NO_TOOL_TYPE,NO_TOOL_TYPE,NO_TOOL_TYPE,NO_TOOL_TYPE,NO_TOOL_TYPE,NO_TOOL_TYPE,NO_TOOL_TYPE,NO_TOOL_TYPE,NO_TOOL_TYPE,NO_TOOL_TYPE,NO_TOOL_TYPE,NO_TOOL_TYPE,NO_TOOL_TYPE,NO_TOOL_TYPE,NO_TOOL_TYPE,NO_TOOL_TYPE,NO_TOOL_TYPE,NO_TOOL_TYPE,NO_TOOL_TYPE,NO_TOOL_TYPE,NO_TOOL_TYPE,NO_TOOL_TYPE,NO_TOOL_TYPE,NO_TOOL_TYPE,NO_TOOL_TYPE,NO_TOOL_TYPE,NO_TOOL_TYPE,NO_TOOL_TYPE,NO_TOOL_TYPE,NO_TOOL_TYPE,NO_TOOL_TYPE,NO_TOOL_TYPE,NO_TOOL_TYPE,NO_TOOL_TYPE,NO_TOOL_TYPE,NO_TOOL_TYPE,NO_TOOL_TYPE,NO_TOOL_TYPE,NO_TOOL_TYPE,NO_TOOL_TYPE,NO_TOOL_TYPE,NO_TOOL_TYPE,NO_TOOL_TYPE,NO_TOOL_TYPE,NO_TOOL_TYPE,NO_TOOL_TYPE,NO_TOOL_TYPE,NO_TOOL_TYPE,NO_TOOL_TYPE,NO_TOOL_TYPE,NO_TOOL_TYPE,NO_TOOL_TYPE,NO_TOOL_TYPE,NO_TOOL_TYPE,NO_TOOL_TYPE,NO_TOOL_TYPE,NO_TOOL_TYPE,NO_TOOL_TYPE,NO_TOOL_TYPE,NO_TOOL_TYPE,NO_TOOL_TYPE,NO_TOOL_TYPE,NO_TOOL_TYPE,NO_TOOL_TYPE</Message>
					<Message dataItemId="pocket" timestamp="2022-11-17T05:05:48.064Z" sequence="15404" name="Pocket">1,21,25,8,5,0,4,28,3,16,23,9,15,20,17,11,24,18,14,29,19,27,13,6,22,10,30,12,26,2,7,-101,-101,-101,-101,-101,-101,-101,-101,-101,-101,-101,-101,-101,-101,-101,-101,-101,-101,-101,-101,-101,-101,-101,-101,-101,-101,-101,-101,-101,-101,-101,-101,-101,-101,-101,-101,-101,-101,-101,-101,-101,-101,-101,-101,-101,-101,-101,-101,-101,-101,-101,-101,-101,-101,-101,-101,-101,-101,-101,-101,-101,-101,-101,-101,-101,-101,-101,-101,-101,-101,-101,-101,-101,-101,-101,-101,-101,-101,-101,-101,-101,-101,-101,-101,-101,-101,-101,-101,-101,-101,-101,-101,-101,-101,-101,-101,-101,-101,-101,-101,-101,-101,-101,-101,-101,-101,-101,-101,-101,-101,-101,-101,-101,-101,-101,-101,-101,-101,-101,-101,-101,-101,-101,-101,-101,-101,-101,-101,-101,-101,-101,-101,-101,-101,-101,-101,-101,-101,-101,-101,-101,-101,-101,-101,-101,-101,-101,-101,-101,-101,-101,-101,-101,-101,-101,-101,-101,-101,-101,-101,-101,-101,-101,-101,-101,-101,-101,-101,-101</Message>
					<Message dataItemId="lengthwear" timestamp="2022-11-17T03:52:41.882Z" sequence="17" name="LengthWear">0.15,0.0,0.0,-0.055,0.2,0.0,0.0,0.0,0.0,0.0,0.0,0.0,0.0,0.0,0.0,0.3,0.0,-0.05,0.0,0.0,0.0,0.2,0.0,0.0,0.0,0.0,0.0,0.0,0.0,0.0,0.0,0.0,0.0,0.0,0.0,0.0,0.0,0.0,0.0,0.0,0.0,0.0,0.0,0.0,0.0,0.0,0.0,0.0,0.0,0.0,0.0,0.0,0.0,0.0,0.0,0.0,0.0,0.0,0.0,0.0,0.0,0.0,0.0,0.0,0.0,0.0,0.0,0.0,0.0,0.0,0.0,0.0,0.0,0.0,0.0,0.0,0.0,0.0,0.0,0.0,0.0,0.0,0.0,0.0,0.0,0.0,0.0,0.0,0.0,0.0,0.0,0.0,0.0,0.0,0.0,0.0,0.0,0.0,0.0,0.0,0.0,0.0,0.0,0.0,0.0,0.0,0.0,0.0,0.0,0.0,0.0,0.0,0.0,0.0,0.0,0.0,0.0,0.0,0.0,0.0,0.0,0.0,0.0,0.0,0.0,0.0,0.0,0.0,0.0,0.0,0.0,0.0,0.0,0.0,0.0,0.0,0.0,0.0,0.0,0.0,0.0,0.0,0.0,0.0,0.0,0.0,0.0,0.0,0.0,0.0,0.0,0.0,0.0,0.0,0.0,0.0,0.0,0.0,0.0,0.0,0.0,0.0,0.0,0.0,0.0,0.0,0.0,0.0,0.0,0.0,0.0,0.0,0.0,0.0,0.0,0.0,0.0,0.0,0.0,0.0,0.0,0.0,0.0,0.0,0.0,0.0,0.0,0.0,0.0,0.0,0.0,0.0,0.0,0.0,0.0,0.0,0.0,0.0,0.0,0.0</Message>
				</Events>
			</ComponentStream>
			<ComponentStream component="Capability" componentId="capability" name="Capability">
				<Events>
					<Message dataItemId="caxiscapable" timestamp="2022-11-17T03:52:41.889Z" sequence="65" name="CAxisCapable">false</Message>
					<Message dataItemId="mainspthreadingcapable" timestamp="2022-11-17T03:52:41.880Z" sequence="7" name="MainSpThreadingCapable">true</Message>
					<Message dataItemId="ssspmaxopenloopspeed" timestamp="2022-11-17T03:52:41.914Z" sequence="110" name="SsSpMaxOpenLoopSpeed">0</Message>
					<Message dataItemId="ssspthreadingcapable" timestamp="2022-11-17T03:52:41.916Z" sequence="123" name="SsSpThreadingCapable">true</Message>
					<Message dataItemId="ssspmaxopenloopacceleration" timestamp="2022-11-17T03:52:41.946Z" sequence="179" name="SsSpMaxOpenLoopAcceleration">0.0</Message>
					<Message dataItemId="ltspmaxopenloopacceleration" timestamp="2022-11-17T03:52:41.912Z" sequence="97" name="LtSpMaxOpenLoopAcceleration">1464.842342</Message>
					<Message dataItemId="mainspmaxopenloopacceleration" timestamp="2022-11-17T03:52:41.889Z" sequence="66" name="MainSpMaxOpenLoopAcceleration">6.4E7</Message>
					<Message dataItemId="ltspmaxopenloopspeed" timestamp="2022-11-17T03:52:41.886Z" sequence="42" name="LtSpMaxOpenLoopSpeed">0</Message>
					<Message dataItemId="mainspmaxopenloopspeed" timestamp="2022-11-17T03:52:41.885Z" sequence="36" name="MainSpMaxOpenLoopSpeed">10000</Message>
					<Message dataItemId="ltspthreadingcapable" timestamp="2022-11-17T03:52:41.920Z" sequence="148" name="LtSpThreadingCapable">false</Message>
				</Events>
			</ComponentStream>
			<ComponentStream component="Lengthandwear" componentId="lengthandwearlathe" name="LengthAndWearLathe">
				<Events>
					<Message dataItemId="diamwearlathe" timestamp="2022-11-17T03:52:41.920Z" sequence="143" name="DiameterWear">0.0,0.0,0.0,0.0,0.0,0.0,0.0,0.0,0.0,0.0,0.0,0.0,0.0,0.0,0.0,0.0,0.0,0.0,0.0,0.0,0.0,0.0,0.0,0.0,0.0,0.0,0.0,0.0,0.0,0.0,0.0,0.0,0.0,0.0,0.0,0.0,0.0,0.0,0.0,0.0,0.0,0.0,0.0,0.0,0.0,0.0,0.0,0.0,0.0,0.0,0.0,0.0,0.0,0.0,0.0,0.0,0.0,0.0,0.0,0.0,0.0,0.0,0.0,0.0,0.0,0.0,0.0,0.0,0.0,0.0,0.0,0.0,0.0,0.0,0.0,0.0,0.0,0.0,0.0,0.0,0.0,0.0,0.0,0.0,0.0,0.0,0.0,0.0,0.0,0.0,0.0,0.0,0.0,0.0,0.0,0.0,0.0,0.0,0.0,0.0,0.0,0.0,0.0,0.0,0.0,0.0,0.0,0.0,0.0,0.0,0.0,0.0,0.0,0.0,0.0,0.0,0.0,0.0,0.0,0.0,0.0,0.0,0.0,0.0,0.0,0.0,0.0,0.0,0.0,0.0,0.0,0.0,0.0,0.0,0.0,0.0,0.0,0.0,0.0,0.0,0.0,0.0,0.0,0.0,0.0,0.0,0.0,0.0,0.0,0.0,0.0,0.0,0.0,0.0,0.0,0.0,0.0,0.0,0.0,0.0,0.0,0.0,0.0,0.0,0.0,0.0,0.0,0.0,0.0,0.0,0.0,0.0,0.0,0.0,0.0,0.0,0.0,0.0,0.0,0.0,0.0,0.0,0.0,0.0,0.0,0.0,0.0,0.0,0.0,0.0,0.0,0.0,0.0,0.0,0.0,0.0,0.0,0.0,0.0,0.0</Message>
					<Message dataItemId="ygeometry" timestamp="2022-11-17T03:52:41.887Z" sequence="51" name="YGeometry">0.0,0.0,0.0,0.0,0.0,0.0,0.0,0.0,0.0,0.0,0.0,0.0,0.0,0.0,0.0,0.0,0.0,0.0,0.0,0.0,0.0,0.0,0.0,0.0,0.0,0.0,0.0,0.0,0.0,0.0,0.0,0.0,0.0,0.0,0.0,0.0,0.0,0.0,0.0,0.0,0.0,0.0,0.0,0.0,0.0,0.0,0.0,0.0,0.0,0.0,0.0,0.0,0.0,0.0,0.0,0.0,0.0,0.0,0.0,0.0,0.0,0.0,0.0,0.0,0.0,0.0,0.0,0.0,0.0,0.0,0.0,0.0,0.0,0.0,0.0,0.0,0.0,0.0,0.0,0.0,0.0,0.0,0.0,0.0,0.0,0.0,0.0,0.0,0.0,0.0,0.0,0.0,0.0,0.0,0.0,0.0,0.0,0.0,0.0,0.0,0.0,0.0,0.0,0.0,0.0,0.0,0.0,0.0,0.0,0.0,0.0,0.0,0.0,0.0,0.0,0.0,0.0,0.0,0.0,0.0,0.0,0.0,0.0,0.0,0.0,0.0,0.0,0.0,0.0,0.0,0.0,0.0,0.0,0.0,0.0,0.0,0.0,0.0,0.0,0.0,0.0,0.0,0.0,0.0,0.0,0.0,0.0,0.0,0.0,0.0,0.0,0.0,0.0,0.0,0.0,0.0,0.0,0.0,0.0,0.0,0.0,0.0,0.0,0.0,0.0,0.0,0.0,0.0,0.0,0.0,0.0,0.0,0.0,0.0,0.0,0.0,0.0,0.0,0.0,0.0,0.0,0.0,0.0,0.0,0.0,0.0,0.0,0.0,0.0,0.0,0.0,0.0,0.0,0.0,0.0,0.0,0.0,0.0,0.0,0.0</Message>
					<Message dataItemId="diamgeolathe" timestamp="2022-11-17T03:52:41.917Z" sequence="125" name="DiameterGeometry">0.0,0.0,0.0,0.0,0.0,0.0,0.0,0.0,0.0,0.0,0.0,0.0,0.0,0.0,0.0,0.0,0.0,0.0,0.0,0.0,0.0,0.0,0.0,0.0,0.0,0.0,0.0,0.0,0.0,0.0,0.0,0.0,0.0,0.0,0.0,0.0,0.0,0.0,0.0,0.0,0.0,0.0,0.0,0.0,0.0,0.0,0.0,0.0,0.0,0.0,0.0,0.0,0.0,0.0,0.0,0.0,0.0,0.0,0.0,0.0,0.0,0.0,0.0,0.0,0.0,0.0,0.0,0.0,0.0,0.0,0.0,0.0,0.0,0.0,0.0,0.0,0.0,0.0,0.0,0.0,0.0,0.0,0.0,0.0,0.0,0.0,0.0,0.0,0.0,0.0,0.0,0.0,0.0,0.0,0.0,0.0,0.0,0.0,0.0,0.0,0.0,0.0,0.0,0.0,0.0,0.0,0.0,0.0,0.0,0.0,0.0,0.0,0.0,0.0,0.0,0.0,0.0,0.0,0.0,0.0,0.0,0.0,0.0,0.0,0.0,0.0,0.0,0.0,0.0,0.0,0.0,0.0,0.0,0.0,0.0,0.0,0.0,0.0,0.0,0.0,0.0,0.0,0.0,0.0,0.0,0.0,0.0,0.0,0.0,0.0,0.0,0.0,0.0,0.0,0.0,0.0,0.0,0.0,0.0,0.0,0.0,0.0,0.0,0.0,0.0,0.0,0.0,0.0,0.0,0.0,0.0,0.0,0.0,0.0,0.0,0.0,0.0,0.0,0.0,0.0,0.0,0.0,0.0,0.0,0.0,0.0,0.0,0.0,0.0,0.0,0.0,0.0,0.0,0.0,0.0,0.0,0.0,0.0,0.0,0.0</Message>
					<Message dataItemId="xwear" timestamp="2022-11-17T03:52:41.946Z" sequence="178" name="XGeometryWear">0.0,0.0,0.0,0.0,0.0,0.0,0.0,0.0,0.0,0.0,0.0,0.0,0.0,0.0,0.0,0.0,0.0,0.0,0.0,0.0,0.0,0.0,0.0,0.0,0.0,0.0,0.0,0.0,0.0,0.0,0.0,0.0,0.0,0.0,0.0,0.0,0.0,0.0,0.0,0.0,0.0,0.0,0.0,0.0,0.0,0.0,0.0,0.0,0.0,0.0,0.0,0.0,0.0,0.0,0.0,0.0,0.0,0.0,0.0,0.0,0.0,0.0,0.0,0.0,0.0,0.0,0.0,0.0,0.0,0.0,0.0,0.0,0.0,0.0,0.0,0.0,0.0,0.0,0.0,0.0,0.0,0.0,0.0,0.0,0.0,0.0,0.0,0.0,0.0,0.0,0.0,0.0,0.0,0.0,0.0,0.0,0.0,0.0,0.0,0.0,0.0,0.0,0.0,0.0,0.0,0.0,0.0,0.0,0.0,0.0,0.0,0.0,0.0,0.0,0.0,0.0,0.0,0.0,0.0,0.0,0.0,0.0,0.0,0.0,0.0,0.0,0.0,0.0,0.0,0.0,0.0,0.0,0.0,0.0,0.0,0.0,0.0,0.0,0.0,0.0,0.0,0.0,0.0,0.0,0.0,0.0,0.0,0.0,0.0,0.0,0.0,0.0,0.0,0.0,0.0,0.0,0.0,0.0,0.0,0.0,0.0,0.0,0.0,0.0,0.0,0.0,0.0,0.0,0.0,0.0,0.0,0.0,0.0,0.0,0.0,0.0,0.0,0.0,0.0,0.0,0.0,0.0,0.0,0.0,0.0,0.0,0.0,0.0,0.0,0.0,0.0,0.0,0.0,0.0,0.0,0.0,0.0,0.0,0.0,0.0</Message>
					<Message dataItemId="tip" timestamp="2022-11-17T03:52:41.916Z" sequence="119" name="Tip">0,0,0,0,0,0,0,0,0,0,0,0,0,0,0,0,0,0,0,0,0,0,0,0,0,0,0,0,0,0,0,0,0,0,0,0,0,0,0,0,0,0,0,0,0,0,0,0,0,0,0,0,0,0,0,0,0,0,0,0,0,0,0,0,0,0,0,0,0,0,0,0,0,0,0,0,0,0,0,0,0,0,0,0,0,0,0,0,0,0,0,0,0,0,0,0,0,0,0,0,0,0,0,0,0,0,0,0,0,0,0,0,0,0,0,0,0,0,0,0,0,0,0,0,0,0,0,0,0,0,0,0,0,0,0,0,0,0,0,0,0,0,0,0,0,0,0,0,0,0,0,0,0,0,0,0,0,0,0,0,0,0,0,0,0,0,0,0,0,0,0,0,0,0,0,0,0,0,0,0,0,0,0,0,0,0,0,0,0,0,0,0,0,0,0,0,0,0,0,0</Message>
					<Message dataItemId="ywear" timestamp="2022-11-17T03:52:41.948Z" sequence="189" name="YGeometryWear">0.0,0.0,0.0,0.0,0.0,0.0,0.0,0.0,0.0,0.0,0.0,0.0,0.0,0.0,0.0,0.0,0.0,0.0,0.0,0.0,0.0,0.0,0.0,0.0,0.0,0.0,0.0,0.0,0.0,0.0,0.0,0.0,0.0,0.0,0.0,0.0,0.0,0.0,0.0,0.0,0.0,0.0,0.0,0.0,0.0,0.0,0.0,0.0,0.0,0.0,0.0,0.0,0.0,0.0,0.0,0.0,0.0,0.0,0.0,0.0,0.0,0.0,0.0,0.0,0.0,0.0,0.0,0.0,0.0,0.0,0.0,0.0,0.0,0.0,0.0,0.0,0.0,0.0,0.0,0.0,0.0,0.0,0.0,0.0,0.0,0.0,0.0,0.0,0.0,0.0,0.0,0.0,0.0,0.0,0.0,0.0,0.0,0.0,0.0,0.0,0.0,0.0,0.0,0.0,0.0,0.0,0.0,0.0,0.0,0.0,0.0,0.0,0.0,0.0,0.0,0.0,0.0,0.0,0.0,0.0,0.0,0.0,0.0,0.0,0.0,0.0,0.0,0.0,0.0,0.0,0.0,0.0,0.0,0.0,0.0,0.0,0.0,0.0,0.0,0.0,0.0,0.0,0.0,0.0,0.0,0.0,0.0,0.0,0.0,0.0,0.0,0.0,0.0,0.0,0.0,0.0,0.0,0.0,0.0,0.0,0.0,0.0,0.0,0.0,0.0,0.0,0.0,0.0,0.0,0.0,0.0,0.0,0.0,0.0,0.0,0.0,0.0,0.0,0.0,0.0,0.0,0.0,0.0,0.0,0.0,0.0,0.0,0.0,0.0,0.0,0.0,0.0,0.0,0.0,0.0,0.0,0.0,0.0,0.0,0.0</Message>
					<Message dataItemId="pocketlathe" timestamp="2022-11-17T03:52:41.891Z" sequence="77" name="Pocket">0,0,0,0,0,0,0,0,0,0,0,0,0,0,0,0,0,0,0,0,0,0,0,0,0,0,0,0,0,0,0,0,0,0,0,0,0,0,0,0,0,0,0,0,0,0,0,0,0,0,0,0,0,0,0,0,0,0,0,0,0,0,0,0,0,0,0,0,0,0,0,0,0,0,0,0,0,0,0,0,0,0,0,0,0,0,0,0,0,0,0,0,0,0,0,0,0,0,0,0,0,0,0,0,0,0,0,0,0,0,0,0,0,0,0,0,0,0,0,0,0,0,0,0,0,0,0,0,0,0,0,0,0,0,0,0,0,0,0,0,0,0,0,0,0,0,0,0,0,0,0,0,0,0,0,0,0,0,0,0,0,0,0,0,0,0,0,0,0,0,0,0,0,0,0,0,0,0,0,0,0,0,0,0,0,0,0,0,0,0,0,0,0,0,0,0,0,0,0,0</Message>
					<Message dataItemId="taper" timestamp="2022-11-17T03:52:41.890Z" sequence="68" name="Taper">0.0,0.0,0.0,0.0,0.0,0.0,0.0,0.0,0.0,0.0,0.0,0.0,0.0,0.0,0.0,0.0,0.0,0.0,0.0,0.0,0.0,0.0,0.0,0.0,0.0,0.0,0.0,0.0,0.0,0.0,0.0,0.0,0.0,0.0,0.0,0.0,0.0,0.0,0.0,0.0,0.0,0.0,0.0,0.0,0.0,0.0,0.0,0.0,0.0,0.0,0.0,0.0,0.0,0.0,0.0,0.0,0.0,0.0,0.0,0.0,0.0,0.0,0.0,0.0,0.0,0.0,0.0,0.0,0.0,0.0,0.0,0.0,0.0,0.0,0.0,0.0,0.0,0.0,0.0,0.0,0.0,0.0,0.0,0.0,0.0,0.0,0.0,0.0,0.0,0.0,0.0,0.0,0.0,0.0,0.0,0.0,0.0,0.0,0.0,0.0,0.0,0.0,0.0,0.0,0.0,0.0,0.0,0.0,0.0,0.0,0.0,0.0,0.0,0.0,0.0,0.0,0.0,0.0,0.0,0.0,0.0,0.0,0.0,0.0,0.0,0.0,0.0,0.0,0.0,0.0,0.0,0.0,0.0,0.0,0.0,0.0,0.0,0.0,0.0,0.0,0.0,0.0,0.0,0.0,0.0,0.0,0.0,0.0,0.0,0.0,0.0,0.0,0.0,0.0,0.0,0.0,0.0,0.0,0.0,0.0,0.0,0.0,0.0,0.0,0.0,0.0,0.0,0.0,0.0,0.0,0.0,0.0,0.0,0.0,0.0,0.0,0.0,0.0,0.0,0.0,0.0,0.0,0.0,0.0,0.0,0.0,0.0,0.0,0.0,0.0,0.0,0.0,0.0,0.0,0.0,0.0,0.0,0.0,0.0,0.0</Message>
					<Message dataItemId="toolmateriallathe" timestamp="2022-11-17T03:52:41.881Z" sequence="13" name="ToolMaterial">0,0,0,0,0,0,0,0,0,0,0,0,0,0,0,0,0,0,0,0,0,0,0,0,0,0,0,0,0,0,0,0,0,0,0,0,0,0,0,0,0,0,0,0,0,0,0,0,0,0,0,0,0,0,0,0,0,0,0,0,0,0,0,0,0,0,0,0,0,0,0,0,0,0,0,0,0,0,0,0,0,0,0,0,0,0,0,0,0,0,0,0,0,0,0,0,0,0,0,0,0,0,0,0,0,0,0,0,0,0,0,0,0,0,0,0,0,0,0,0,0,0,0,0,0,0,0,0,0,0,0,0,0,0,0,0,0,0,0,0,0,0,0,0,0,0,0,0,0,0,0,0,0,0,0,0,0,0,0,0,0,0,0,0,0,0,0,0,0,0,0,0,0,0,0,0,0,0,0,0,0,0,0,0,0,0,0,0,0,0,0,0,0,0,0,0,0,0,0,0</Message>
					<Message dataItemId="xgeometry" timestamp="2022-11-17T03:52:41.947Z" sequence="181" name="XGeometry">0.0,0.0,0.0,0.0,0.0,0.0,0.0,0.0,0.0,0.0,0.0,0.0,0.0,0.0,0.0,0.0,0.0,0.0,0.0,0.0,0.0,0.0,0.0,0.0,0.0,0.0,0.0,0.0,0.0,0.0,0.0,0.0,0.0,0.0,0.0,0.0,0.0,0.0,0.0,0.0,0.0,0.0,0.0,0.0,0.0,0.0,0.0,0.0,0.0,0.0,0.0,0.0,0.0,0.0,0.0,0.0,0.0,0.0,0.0,0.0,0.0,0.0,0.0,0.0,0.0,0.0,0.0,0.0,0.0,0.0,0.0,0.0,0.0,0.0,0.0,0.0,0.0,0.0,0.0,0.0,0.0,0.0,0.0,0.0,0.0,0.0,0.0,0.0,0.0,0.0,0.0,0.0,0.0,0.0,0.0,0.0,0.0,0.0,0.0,0.0,0.0,0.0,0.0,0.0,0.0,0.0,0.0,0.0,0.0,0.0,0.0,0.0,0.0,0.0,0.0,0.0,0.0,0.0,0.0,0.0,0.0,0.0,0.0,0.0,0.0,0.0,0.0,0.0,0.0,0.0,0.0,0.0,0.0,0.0,0.0,0.0,0.0,0.0,0.0,0.0,0.0,0.0,0.0,0.0,0.0,0.0,0.0,0.0,0.0,0.0,0.0,0.0,0.0,0.0,0.0,0.0,0.0,0.0,0.0,0.0,0.0,0.0,0.0,0.0,0.0,0.0,0.0,0.0,0.0,0.0,0.0,0.0,0.0,0.0,0.0,0.0,0.0,0.0,0.0,0.0,0.0,0.0,0.0,0.0,0.0,0.0,0.0,0.0,0.0,0.0,0.0,0.0,0.0,0.0,0.0,0.0,0.0,0.0,0.0,0.0</Message>
					<Message dataItemId="toolidlathe" timestamp="2022-11-17T03:52:41.944Z" sequence="166" name="TOOL_ASSET_ID">1,2,3,4,5,6,7,8,9,10,11,12,13,14,15,16,17,18,19,20,21,22,23,24,25,26,27,28,29,30,31,32,33,34,35,36,37,38,39,40,41,42,43,44,45,46,47,48,49,50,51,52,53,54,55,56,57,58,59,60,61,62,63,64,65,66,67,68,69,70,71,72,73,74,75,76,77,78,79,80,81,82,83,84,85,86,87,88,89,90,91,92,93,94,95,96,97,98,99,100,101,102,103,104,105,106,107,108,109,110,111,112,113,114,115,116,117,118,119,120,121,122,123,124,125,126,127,128,129,130,131,132,133,134,135,136,137,138,139,140,141,142,143,144,145,146,147,148,149,150,151,152,153,154,155,156,157,158,159,160,161,162,163,164,165,166,167,168,169,170,171,172,173,174,175,176,177,178,179,180,181,182,183,184,185,186,187,188,189,190,191,192,193,194,195,196,197,198,199,200</Message>
					<Message dataItemId="tooltypelathe" timestamp="2022-11-17T03:52:41.946Z" sequence="176" name="ToolType">0,0,0,0,0,0,0,0,0,0,0,0,0,0,0,0,0,0,0,0,0,0,0,0,0,0,0,0,0,0,7,0,0,0,0,0,0,0,0,0,0,0,0,0,0,0,0,0,0,0,0,0,0,0,0,0,0,0,0,0,0,0,0,0,0,0,0,0,0,0,0,0,0,0,0,0,0,0,0,0,0,0,0,0,0,0,0,0,0,0,0,0,0,0,0,0,0,0,0,0,0,0,0,0,0,0,0,0,0,0,0,0,0,0,0,0,0,0,0,0,0,0,0,0,0,0,0,0,0,0,0,0,0,0,0,0,0,0,0,0,0,0,0,0,0,0,0,0,0,0,0,0,0,0,0,0,0,0,0,0,0,0,0,0,0,0,0,0,0,0,0,0,0,0,0,0,0,0,0,0,0,0,0,0,0,0,0,0,0,0,0,0,0,0,0,0,0,0,0,0</Message>
					<Message dataItemId="zwear" timestamp="2022-11-17T03:52:41.910Z" sequence="83" name="ZGeometryWear">0.15,0.0,0.0,-0.055,0.2,0.0,0.0,0.0,0.0,0.0,0.0,0.0,0.0,0.0,0.0,0.3,0.0,-0.05,0.0,0.0,0.0,0.2,0.0,0.0,0.0,0.0,0.0,0.0,0.0,0.0,0.0,0.0,0.0,0.0,0.0,0.0,0.0,0.0,0.0,0.0,0.0,0.0,0.0,0.0,0.0,0.0,0.0,0.0,0.0,0.0,0.0,0.0,0.0,0.0,0.0,0.0,0.0,0.0,0.0,0.0,0.0,0.0,0.0,0.0,0.0,0.0,0.0,0.0,0.0,0.0,0.0,0.0,0.0,0.0,0.0,0.0,0.0,0.0,0.0,0.0,0.0,0.0,0.0,0.0,0.0,0.0,0.0,0.0,0.0,0.0,0.0,0.0,0.0,0.0,0.0,0.0,0.0,0.0,0.0,0.0,0.0,0.0,0.0,0.0,0.0,0.0,0.0,0.0,0.0,0.0,0.0,0.0,0.0,0.0,0.0,0.0,0.0,0.0,0.0,0.0,0.0,0.0,0.0,0.0,0.0,0.0,0.0,0.0,0.0,0.0,0.0,0.0,0.0,0.0,0.0,0.0,0.0,0.0,0.0,0.0,0.0,0.0,0.0,0.0,0.0,0.0,0.0,0.0,0.0,0.0,0.0,0.0,0.0,0.0,0.0,0.0,0.0,0.0,0.0,0.0,0.0,0.0,0.0,0.0,0.0,0.0,0.0,0.0,0.0,0.0,0.0,0.0,0.0,0.0,0.0,0.0,0.0,0.0,0.0,0.0,0.0,0.0,0.0,0.0,0.0,0.0,0.0,0.0,0.0,0.0,0.0,0.0,0.0,0.0,0.0,0.0,0.0,0.0,0.0,0.0</Message>
					<Message dataItemId="zgeometry" timestamp="2022-11-17T03:52:41.890Z" sequence="69" name="ZGeometry">-429.89994081961356,-482.64995281357614,-534.1400017074169,-544.4199536913277,-468.3999569331937,-467.4999375748476,-511.8999930627792,-477.49993092253493,-470.49991022321944,-271.7999042173862,-343.0999855822307,-306.40000077898475,-399.8999387971429,-397.59999624133087,-440.6500008451648,-444.1800011030633,-354.0999367071159,-445.54994912585,-326.19999734201576,-458.0899457926513,-464.62996910042585,-497.23990340005577,-524.719993280588,-527.1001023516013,-526.2299399054356,0.0,-275.30000031589753,-335.39994004923216,-302.3999980558509,148.01599999999996,-496.10001311670356,0.0,0.0,148.024,148.024,0.0,0.0,0.0,0.0,0.0,0.0,0.0,0.0,0.0,0.0,0.0,0.0,0.0,0.0,0.0,0.0,0.0,0.0,0.0,0.0,0.0,0.0,0.0,0.0,0.0,0.0,0.0,0.0,0.0,0.0,0.0,0.0,0.0,0.0,0.0,0.0,0.0,0.0,0.0,0.0,0.0,0.0,0.0,0.0,0.0,0.0,0.0,0.0,0.0,0.0,0.0,0.0,0.0,0.0,0.0,0.0,0.0,0.0,0.0,0.0,0.0,0.0,0.0,0.0,0.0,0.0,0.0,0.0,0.0,0.0,0.0,0.0,0.0,0.0,0.0,0.0,0.0,0.0,0.0,0.0,0.0,0.0,0.0,0.0,0.0,0.0,0.0,0.0,0.0,0.0,0.0,0.0,0.0,0.0,0.0,0.0,0.0,0.0,0.0,0.0,0.0,0.0,0.0,0.0,0.0,0.0,0.0,0.0,0.0,0.0,0.0,0.0,0.0,0.0,0.0,0.0,0.0,0.0,0.0,0.0,0.0,0.0,0.0,0.0,0.0,0.0,0.0,0.0,0.0,0.0,0.0,0.0,0.0,0.0,0.0,0.0,0.0,0.0,0.0,0.0,0.0,0.0,0.0,0.0,0.0,0.0,0.0,0.0,0.0,0.0,0.0,0.0,0.0,0.0,0.0,0.0,0.0,0.0,0.0,0.0,0.0,0.0,0.0,0.0,7.5</Message>
				</Events>
			</ComponentStream>
			<ComponentStream component="Controller" componentId="cont1" name="MachineController">
				<Samples>
					<AxisFeedrate dataItemId="rovrd" timestamp="2022-11-17T05:08:59.194Z" sequence="16441" name="RapidOverride" subType="OVERRIDE">100</AxisFeedrate>
					<AccumulatedTime dataItemId="lcycle" timestamp="2022-11-17T05:00:44.002Z" sequence="14884" name="LastCycle">1683</AccumulatedTime>
					<AccumulatedTime dataItemId="tcycle" timestamp="2022-11-17T05:09:02.192Z" sequence="16452" name="ThisCycle">314</AccumulatedTime>
					<AccumulatedTime dataItemId="cyremtim" timestamp="2022-11-17T05:09:02.192Z" sequence="16451" name="CycleRemainingTime">1368</AccumulatedTime>
					<PathFeedrate dataItemId="fdovrd" timestamp="2022-11-17T05:08:59.194Z" sequence="16442" name="FeedrateOverride" subType="OVERRIDE">100</PathFeedrate>
					<SpindleSpeed dataItemId="sspeed" timestamp="2022-11-17T05:09:02.192Z" sequence="16453" name="SpindleSpeed" subType="ACTUAL">9499.649047851562</SpindleSpeed>
					<SpindleSpeed dataItemId="ssovrd" timestamp="2022-11-17T04:22:38.897Z" sequence="8042" name="SpindleSpeedOverride" subType="OVERRIDE">100</SpindleSpeed>
				</Samples>
				<Events>
					<EmergencyStop dataItemId="estop" timestamp="2022-11-17T03:52:41.911Z" sequence="88" name="EmergencyStop">ARMED</EmergencyStop>
					<ControllerMode dataItemId="mode" timestamp="2022-11-17T04:28:45.224Z" sequence="8550" name="Mode">AUTOMATIC</ControllerMode>
					<Message dataItemId="elog" timestamp="2022-11-17T05:08:58.572Z" sequence="16435" name="EventLog">
						<Haas>
							<EventLogEntries>
								<EventLogEntry id="3" timestamp="2022-11-17T05:08:57.242Z">Feed Override</EventLogEntry>
								<EventLogEntry id="3" timestamp="2022-11-17T05:08:57.302Z">Feed Override</EventLogEntry>
								<EventLogEntry id="3" timestamp="2022-11-17T05:08:57.362Z">Feed Override</EventLogEntry>
								<EventLogEntry id="3" timestamp="2022-11-17T05:08:57.482Z">Feed Override</EventLogEntry>
								<EventLogEntry id="3" timestamp="2022-11-17T05:08:57.542Z">Feed Override</EventLogEntry>
								<EventLogEntry id="3" timestamp="2022-11-17T05:08:57.662Z">Feed Override</EventLogEntry>
								<EventLogEntry id="3" timestamp="2022-11-17T05:08:57.842Z">Feed Override</EventLogEntry>
								<EventLogEntry id="3" timestamp="2022-11-17T05:08:57.972Z">Feed Override</EventLogEntry>
								<EventLogEntry id="3" timestamp="2022-11-17T05:08:58.272Z">Feed Override</EventLogEntry>
								<EventLogEntry id="3" timestamp="2022-11-17T05:08:58.572Z">Feed Override</EventLogEntry>
							</EventLogEntries>
						</Haas>
					</Message>
					<Execution dataItemId="rstat" timestamp="2022-11-17T05:03:48.037Z" sequence="14908" name="RunStatus">ACTIVE</Execution>
					<Message dataItemId="aalarms" timestamp="2022-11-17T03:52:42.840Z" sequence="199" name="ActiveAlarms">NO ACTIVE ALARMS</Message>
					<Message dataItemId="macdsp1" timestamp="2022-11-17T03:52:41.884Z" sequence="30" name="MacroDispl1">10188</Message>
					<Message dataItemId="lpremain" timestamp="2022-11-17T03:52:41.913Z" sequence="100" name="LoopsRemaining">0</Message>
					<Message dataItemId="m30c2" timestamp="2022-11-17T05:00:44.001Z" sequence="14877" name="M30Counter2">37</Message>
					<Message dataItemId="m30c1" timestamp="2022-11-17T05:00:44.001Z" sequence="14876" name="M30Counter1">37</Message>
					<Message dataItemId="macdsp2" timestamp="2022-11-17T03:52:41.879Z" sequence="5" name="MacroDispl2">0</Message>
					<Program dataItemId="ncprog" timestamp="2022-11-17T03:52:41.921Z" sequence="154" name="Program">M4036-985-S4036-985-1-Top.nc</Program>
				</Events>
				<Condition>
					<Normal dataItemId="mcond" timestamp="2022-11-17T03:52:42.839Z" sequence="198" type="SYSTEM" name="MachineCondition"/>
				</Condition>
			</ComponentStream>
			<ComponentStream component="Activecodes" componentId="activecodes" name="ActiveCodes">
				<Events>
					<Message dataItemId="dhmtcodes" timestamp="2022-11-17T05:05:49.067Z" sequence="15414" name="DHMT_Codes">00,06,08,06</Message>
					<Message dataItemId="gcodes" timestamp="2022-11-17T05:08:55.194Z" sequence="16410" name="Gcodes">G01,G17,G90,G94,G21,G40,G43,G80,G98,G50,G54,G269,G64,G69,G255</Message>
					<Message dataItemId="addresscodes" timestamp="2022-11-17T05:09:02.192Z" sequence="16455" name="AddressCodes">0.,0.,0.,0.,0.,2500.000,0.,6.000,0.498,0.043,0.600,0.,8.000,4305,O00000,0,0.,0.,9500.000,6.000,0.,0.,0.,-252.818,9.433,-3.000</Message>
				</Events>
			</ComponentStream>
			<ComponentStream component="Coolant" componentId="coolant" name="Coolant">
				<Events>
					<Message dataItemId="tsc" timestamp="2022-11-17T03:52:41.885Z" sequence="34" name="TscEnabled">false</Message>
					<Message dataItemId="clntspigot" timestamp="2022-11-17T03:52:41.914Z" sequence="108" name="CoolantSpigotEnabled">false</Message>
					<Message dataItemId="tab" timestamp="2022-11-17T03:52:41.915Z" sequence="116" name="TabEnabled">false</Message>
					<Message dataItemId="hpc" timestamp="2022-11-17T03:52:41.883Z" sequence="26" name="HpcEnabled">false</Message>
					<Message dataItemId="showerclnt" timestamp="2022-11-17T03:52:41.887Z" sequence="49" name="ShowerCoolantEnabled">false</Message>
					<Message dataItemId="mist" timestamp="2022-11-17T03:52:41.952Z" sequence="197" name="MistEnabled">false</Message>
					<Message dataItemId="pulsejet" timestamp="2022-11-17T03:52:41.913Z" sequence="98" name="PulseJet">false</Message>
				</Events>
			</ComponentStream>
			<ComponentStream component="Program" componentId="program" name="Program">
				<Events>
					<Message dataItemId="mirrorimagec" timestamp="2022-11-17T03:52:41.944Z" sequence="160" name="MirrorImageC">false</Message>
					<Message dataItemId="defaultg51scaling" timestamp="2022-11-17T03:52:41.911Z" sequence="89" name="DefaultG51Scaling">1.0</Message>
					<Message dataItemId="mirrorimagez" timestamp="2022-11-17T03:52:41.945Z" sequence="173" name="MirrorImageZ">false</Message>
					<Message dataItemId="diam5thaxis" timestamp="2022-11-17T03:52:41.883Z" sequence="22" name="5thAxisDiameter">25.4</Message>
					<Message dataItemId="mirrorimageb" timestamp="2022-11-17T03:52:41.944Z" sequence="161" name="MirrorImageB">false</Message>
					<Message dataItemId="cuttercomptype" timestamp="2022-11-17T03:52:41.947Z" sequence="184" name="CutterCompType">A</Message>
					<Message dataItemId="cuttercomp" timestamp="2022-11-17T03:52:41.916Z" sequence="121" name="CutterComp">Fanuc</Message>
					<Message dataItemId="mainspssvcycle" timestamp="2022-11-17T03:52:41.891Z" sequence="75" name="MainSpindleSSVcycle">0.0</Message>
					<Message dataItemId="mirrorimagea" timestamp="2022-11-17T03:52:41.944Z" sequence="162" name="MirrorImageA">false</Message>
					<Message dataItemId="cancyclewoxy" timestamp="2022-11-17T03:52:41.891Z" sequence="78" name="CanCycle_w/o_XY">true</Message>
					<Message dataItemId="toffsetmeas" timestamp="2022-11-17T03:52:41.885Z" sequence="35" name="T_OffsetMeasUsesWork">false</Message>
					<Message dataItemId="ltspspeedlimit" timestamp="2022-11-17T03:52:41.942Z" sequence="156" name="LTSpindleSpeedLimit">0</Message>
					<Message dataItemId="exactstopcannedxy" timestamp="2022-11-17T03:52:41.915Z" sequence="111" name="ExactStopCannedXY">false</Message>
					<Message dataItemId="diam4thaxis" timestamp="2022-11-17T03:52:41.944Z" sequence="165" name="4thAxisDiameter">25.4</Message>
					<Message dataItemId="threadchamfersize" timestamp="2022-11-17T03:52:41.883Z" sequence="25" name="ThreadChamferSize">0.0</Message>
					<Message dataItemId="mainspssvvar" timestamp="2022-11-17T03:52:41.911Z" sequence="86" name="MainSpindleSSVvariation">0</Message>
					<Message dataItemId="threadchamferangle" timestamp="2022-11-17T03:52:41.884Z" sequence="31" name="ThreadChamferAngle">0.0</Message>
					<Message dataItemId="mainspspeedlimit" timestamp="2022-11-17T03:52:41.914Z" sequence="106" name="MainSpindleSpeedLimit">10000</Message>
					<Message dataItemId="pgmpointerresets" timestamp="2022-11-17T03:52:41.911Z" sequence="87" name="PgmPointerResets">true</Message>
					<Message dataItemId="minfeedradiuspct" timestamp="2022-11-17T03:52:41.888Z" sequence="55" name="MinF_RadiusCC%">50</Message>
					<Message dataItemId="minthreadcut" timestamp="2022-11-17T03:52:41.914Z" sequence="109" name="MinThreadCut">0.0</Message>
					<Message dataItemId="ssspeedlimit" timestamp="2022-11-17T03:52:41.951Z" sequence="196" name="SSSpindleSpeedLimit">0</Message>
					<Message dataItemId="defaultg68rotation" timestamp="2022-11-17T03:52:41.947Z" sequence="183" name="DefaultG68Rotation">0.0</Message>
					<Message dataItemId="coolantoverride" timestamp="2022-11-17T03:52:41.887Z" sequence="47" name="CoolantOverride">COOLANT_OVERRIDE_NORMAL</Message>
					<Message dataItemId="mirrorimagex" timestamp="2022-11-17T03:52:41.946Z" sequence="174" name="MirrorImageX">false</Message>
					<Message dataItemId="cancyclecutretract" timestamp="2022-11-17T03:52:41.919Z" sequence="140" name="CanCycleCutRetraction">0.0</Message>
					<Message dataItemId="mirrorimagey" timestamp="2022-11-17T03:52:41.946Z" sequence="175" name="MirrorImageY">false</Message>
					<Message dataItemId="m30restoresgcodes" timestamp="2022-11-17T03:52:41.948Z" sequence="193" name="M30RestoresGCodes">false</Message>
				</Events>
			</ComponentStream>
			<ComponentStream component="Compensation" componentId="compensation" name="Compensation">
				<Events>
					<Message dataItemId="warmupzdistan" timestamp="2022-11-17T03:52:41.913Z" sequence="103" name="WarmupZDistance">0.0</Message>
					<Message dataItemId="warmupydistan" timestamp="2022-11-17T03:52:41.917Z" sequence="128" name="WarmupYDistance">0.0</Message>
					<Message dataItemId="warmuptimemin" timestamp="2022-11-17T03:52:41.914Z" sequence="107" name="WarmUpTimeMinutes">0</Message>
					<Message dataItemId="warmupxdistan" timestamp="2022-11-17T03:52:41.918Z" sequence="136" name="WarmupXDistance">0.0</Message>
				</Events>
			</ComponentStream>
			<ComponentStream component="Controloptionsfeatures" componentId="cof" name="ControlOptionsFeatures">
				<Events>
					<Message dataItemId="comptable" timestamp="2022-11-17T03:52:41.916Z" sequence="122" name="CompTablesEnabled">true</Message>
					<Message dataItemId="tscpurchased" timestamp="2022-11-17T03:52:41.881Z" sequence="12" name="TSCPurchased">false</Message>
					<Message dataItemId="twp" timestamp="2022-11-17T03:52:41.948Z" sequence="191" name="TwpEnabled">false</Message>
					<Message dataItemId="m19sporient" timestamp="2022-11-17T03:52:41.920Z" sequence="146" name="M19SpindleOrientEnabled">true</Message>
					<Message dataItemId="fourthaxis" timestamp="2022-11-17T03:52:41.915Z" sequence="114" name="FourthAxisEnabled">false</Message>
					<Message dataItemId="macro" timestamp="2022-11-17T03:52:41.916Z" sequence="120" name="MacroEnabled">true</Message>
					<Message dataItemId="mediadisplay" timestamp="2022-11-17T03:52:41.916Z" sequence="117" name="MediaDisplayEnabled">true</Message>
					<Message dataItemId="rigidtapping" timestamp="2022-11-17T03:52:41.890Z" sequence="70" name="RigidTappingEnabled">true</Message>
					<Message dataItemId="maxpurchspindlesp" timestamp="2022-11-17T03:52:41.884Z" sequence="27" name="MaxPurchSpindleSpeed">10000</Message>
					<Message dataItemId="wirelessnetwork" timestamp="2022-11-17T03:52:41.910Z" sequence="80" name="WirelessNetworkEnabled">false</Message>
					<Message dataItemId="hispdmachine" timestamp="2022-11-17T03:52:41.883Z" sequence="24" name="HiSpeedMachiningEnabled">true</Message>
					<Message dataItemId="tcpcdwo" timestamp="2022-11-17T03:52:41.887Z" sequence="52" name="TcpcDwoEnabled">false</Message>
					<Message dataItemId="rotateandscaling" timestamp="2022-11-17T03:52:41.920Z" sequence="144" name="RotateAndScalingEnabled">true</Message>
					<Message dataItemId="rtcp" timestamp="2022-11-17T03:52:41.918Z" sequence="132" name="RtcpEnabled">false,false,true</Message>
					<Message dataItemId="customrot" timestamp="2022-11-17T03:52:41.947Z" sequence="186" name="CustomRotariesEnabled">false</Message>
					<Message dataItemId="fifthaxis" timestamp="2022-11-17T03:52:41.917Z" sequence="129" name="FifthAxisEnabled">false</Message>
					<Message dataItemId="polar" timestamp="2022-11-17T03:52:41.919Z" sequence="139" name="PolarEnabled">false</Message>
					<Message dataItemId="maxmempurchased" timestamp="2022-11-17T03:52:41.921Z" sequence="155" name="MaxMemPurchased">1</Message>
					<Message dataItemId="vpsedit" timestamp="2022-11-17T03:52:41.910Z" sequence="84" name="VPSEditEnabled">true</Message>
				</Events>
			</ComponentStream>
			<ComponentStream component="Miscellaneous" componentId="miscellaneous" name="Miscellaneous">
				<Events>
					<Message dataItemId="caxisdiam" timestamp="2022-11-17T03:52:41.918Z" sequence="134" name="CAxisDiameter">0.0</Message>
					<Message dataItemId="negworkoffset" timestamp="2022-11-17T03:52:41.881Z" sequence="14" name="NegWorkOffsets">TRUE</Message>
				</Events>
			</ComponentStream>
			<ComponentStream component="Maxfeedacceleration" componentId="maxfeedacceleration" name="Maxfeedacceleration">
				<Events>
					<Message dataItemId="maxfeedaccel" timestamp="2022-11-17T05:08:55.193Z" sequence="16409" name="MaxFeedAccel">1464.844102</Message>
				</Events>
			</ComponentStream>
			<ComponentStream component="Maxfeedvelocity" componentId="maxfeedvelocity" name="Maxfeedvelocity">
				<Events>
					<Message dataItemId="maxfeedvel" timestamp="2022-11-17T03:52:41.915Z" sequence="115" name="MaxFeedVel">16510.0</Message>
				</Events>
			</ComponentStream>
			<ComponentStream component="Mrzp" componentId="mrzp" name="MRZP">
				<Events>
					<AxisCoupling dataItemId="amrzpz" timestamp="2022-11-17T03:52:41.889Z" sequence="60" name="AMRZP_Z">0.0</AxisCoupling>
					<AxisCoupling dataItemId="bmrzpx" timestamp="2022-11-17T03:52:41.880Z" sequence="6" name="BMRZP_X">0.0</AxisCoupling>
					<AxisCoupling dataItemId="bmrzpy" timestamp="2022-11-17T03:52:41.881Z" sequence="11" name="BMRZP_Y">0.0</AxisCoupling>
					<AxisCoupling dataItemId="amrzpx" timestamp="2022-11-17T03:52:41.889Z" sequence="61" name="AMRZP_X">0.0</AxisCoupling>
					<AxisCoupling dataItemId="bmrzpz" timestamp="2022-11-17T03:52:41.880Z" sequence="10" name="BMRZP_Z">0.0</AxisCoupling>
					<AxisCoupling dataItemId="amrzpy" timestamp="2022-11-17T03:52:41.889Z" sequence="62" name="AMRZP_Y">0.0</AxisCoupling>
				</Events>
			</ComponentStream>
			<ComponentStream component="Auxiliaryequipment" componentId="aux" name="AuxiliaryEquipment">
				<Events>
					<Message dataItemId="palletsystem" timestamp="2022-11-17T03:52:41.920Z" sequence="145" name="PalletSystemEnabled">true</Message>
					<Message dataItemId="robot" timestamp="2022-11-17T03:52:41.919Z" sequence="142" name="RobotEnabled">false</Message>
					<Message dataItemId="conveyer" timestamp="2022-11-17T03:52:41.951Z" sequence="195" name="ConveyerEnabled">true</Message>
				</Events>
			</ComponentStream>
			<ComponentStream component="Device" componentId="dev1" name="Machine" uuid="000">
				<Events>
					<Availability dataItemId="avail" timestamp="2022-11-17T03:52:38.768Z" sequence="1" name="Availability">AVAILABLE</Availability>
				</Events>
			</ComponentStream>
			<ComponentStream component="Secondarysafetyposition" componentId="secondarysafetyposition" name="SecondarySafetyPosition">
				<Events>
					<Position dataItemId="tcmidposz" timestamp="2022-11-17T03:52:41.913Z" sequence="102" name="TcMidPositionZ">0.000</Position>
					<Position dataItemId="tcmidposy" timestamp="2022-11-17T03:52:41.914Z" sequence="104" name="TcMidPositionY">0.000</Position>
					<Position dataItemId="tcmidposx" timestamp="2022-11-17T03:52:41.914Z" sequence="105" name="TcMidPositionX">0.000</Position>
				</Events>
			</ComponentStream>
			<ComponentStream component="Macrovariablestart" componentId="macrovariablestart" name="MacroVariableStart">
				<Events>
					<Message dataItemId="macrorange4" timestamp="2022-11-17T03:52:41.886Z" sequence="46" name="MacroRange4">0.0,0.0,0.0,0.0,0.0,0.0,0.0,0.0,0.0,0.0,0.0,0.0,0.0,0.0,0.0,0.0,0.0,0.0,0.0,0.0,0.0,0.0,0.0,0.0,0.0,0.0,0.0,0.0,0.0,0.0,0.0,0.0,0.0,0.0,0.0,0.0,0.0,0.0,0.0,0.0,0.0,0.0,0.0,0.0,0.0,0.0,0.0,0.0,0.0,0.0,0.0,0.0,0.0,0.0,0.0,0.0,0.0,0.0,0.0,0.0,0.0,0.0,0.0,0.0,0.0,0.0,0.0,0.0,0.0,0.0,0.0,0.0,0.0,0.0,0.0,0.0,0.0,0.0,0.0,0.0,0.0,0.0,0.0,0.0,0.0,0.0,0.0,0.0,0.0,0.0,0.0,0.0,0.0,0.0,0.0,0.0,0.0,0.0,0.0,0.0,0.0,0.0,0.0,0.0,0.0,0.0,0.0,0.0,0.0,0.0,0.0,0.0,0.0,0.0,0.0,0.0,0.0,0.0,0.0,0.0,0.0,0.0,0.0,0.0,0.0,0.0,0.0,0.0,0.0,0.0,0.0,0.0,0.0,0.0,0.0,0.0,0.0,0.0,0.0,0.0,0.0,0.0,0.0,0.0,0.0,0.0,0.0,0.0,0.0,0.0,0.0,0.0,0.0,0.0,0.0,0.0,0.0,0.0,0.0,0.0,0.0,0.0,0.0,0.0,0.0,0.0,0.0,0.0,0.0,0.0,0.0,0.0,0.0,0.0,0.0,0.0,0.0,0.0,0.0,0.0,0.0,0.0,0.0,0.0,0.0,0.0,0.0,0.0,0.0,0.0,0.0,0.0,0.0,0.0,0.0,0.0,0.0,0.0,0.0,0.0</Message>
					<Message dataItemId="macrorange3" timestamp="2022-11-17T03:52:41.887Z" sequence="48" name="MacroRange3">0.0,0.0,0.0,0.0,0.0,0.0,0.0,0.0,0.0,0.0,0.0,0.0,0.0,0.0,0.0,0.0,0.0,0.0,0.0,0.0,0.0,0.0,0.0,0.0,0.0,0.0,0.0,0.0,0.0,0.0,0.0,0.0,0.0,0.0,0.0,0.0,0.0,0.0,0.0,0.0,0.0,0.0,0.0,0.0,0.0,0.0,0.0,0.0,0.0,0.0,0.0,0.0,0.0,0.0,0.0,0.0,2.9839999999999804,2.9819999999999993,-0.0014999999999645297,-0.0019999999999988916,30.0,148.01599999999996,0.2,5.96599999999998,-0.0034999999999634213,0.0,0.0,0.0,0.0,0.0,0.0,0.0,0.0,0.0,0.0,0.0,0.0,0.0,0.0,0.0,0.0,0.0,-621.151,-621.149,12.653999999999996,-90.619,-93.218,75.0,10.0,10.0,150.0,13.0,2.0,0.0,0.3,-1153.183,0.0,0.0,NaN,0.0,0.0,0.0,0.0,0.0,0.0,0.0,0.0,0.0,0.0,0.0,0.0,0.0,0.0,0.0,0.0,0.0,0.0,0.0,0.0,0.0,0.0,0.0,0.0,0.0,0.0,0.0,0.0,0.0,0.0,0.0,0.0,0.0,0.0,0.0,0.0,0.0,0.0,0.0,0.0,0.0,0.0,0.0,0.0,0.0,0.0,0.0,0.0,0.0,0.0,0.0,0.0,0.0,0.0,0.0,0.0,0.0,0.0,0.0,0.0,0.0,0.0,0.0,0.0,0.0,0.0,0.0,0.0,0.0,0.0,0.0,0.0,0.0,0.0,0.0,0.0,0.0,0.0,0.0,0.0,0.0,0.0,0.0,0.0,0.0,0.0,0.0,0.0,0.0,0.0,0.0,0.0,0.0,0.0,0.0,0.0,0.0,0.0,0.0,0.0,0.0</Message>
					<Message dataItemId="macrorange2" timestamp="2022-11-17T03:52:41.886Z" sequence="43" name="MacroRange2">0.0,0.0,0.0,0.0,0.0,0.0,0.0,0.0,0.0,0.0,0.0,0.0,0.0,0.0,0.0,0.0,0.0,0.0,0.0,0.0,0.0,0.0,0.0,0.0,0.0,0.0,0.0,0.0,0.0,0.0,0.0,0.0,0.0,0.0,0.0,0.0,0.0,0.0,0.0,0.0,0.0,0.0,0.0,0.0,0.0,0.0,0.0,0.0,0.0,0.0,0.0,0.0,0.0,0.0,0.0,0.0,1.0,0.0,0.0,0.0,0.0,556.0,5.0,-621.151,13.0,0.0,148.01599999999996,500.0,-93.218,1500.0,19.0,75.0,10.0,0.05,43.356,91.717,143.016,43.323499999999996,76.3005,1.0,484.557,-19.435000000000002,NaN,24.03200000000004,NaN,NaN,76.2985,NaN,24.869,NaN,43.32200000000003,76.2985,NaN,-0.13100000000000023,NaN,0.009500000000002728,-0.06550000000000011,NaN,NaN,0.0</Message>
					<Message dataItemId="macrorange1" timestamp="2022-11-17T03:52:41.886Z" sequence="45" name="MacroRange1">0.0,0.0,0.0,0.0,0.0,0.0,0.0,0.0,0.0,0.0,0.0,0.0,0.0,0.0,0.0,0.0,0.0,0.0,0.0,0.0,0.0,0.0,0.0,0.0,0.0,0.0,0.0,0.0,0.0,0.0,0.0,0.0,0.0</Message>
				</Events>
			</ComponentStream>
			<ComponentStream component="Axiscoupling" componentId="axisCoupling" name="AxisCoupling">
				<Events>
					<AxisCoupling dataItemId="bcpln" timestamp="2022-11-17T03:52:41.881Z" sequence="16" name="BAxiscpln">_</AxisCoupling>
					<AxisCoupling dataItemId="acpln" timestamp="2022-11-17T03:52:41.918Z" sequence="131" name="AAxisCpin">_</AxisCoupling>
				</Events>
			</ComponentStream>
			<ComponentStream component="Activeport" componentId="activeport" name="Activeport">
				<Events>
					<Message dataItemId="dprint" timestamp="2022-11-17T03:52:41.945Z" sequence="170" name="DPRINT">DISABLED,,8080</Message>
				</Events>
			</ComponentStream>
			<ComponentStream component="General" componentId="general" name="General">
				<Events>
					<Message dataItemId="rmovetype" timestamp="2022-11-17T03:52:41.916Z" sequence="118" name="RapidMoveType">LINEAR_ONLY</Message>
					<Message dataItemId="dimensioning" timestamp="2022-11-17T03:52:41.888Z" sequence="58" name="Dimensioning">1</Message>
				</Events>
			</ComponentStream>
			<ComponentStream component="Numberofstationstools" componentId="numberofstationstools" name="Numberofstationstools">
				<Events>
					<Message dataItemId="pockets" timestamp="2022-11-17T03:52:41.919Z" sequence="138" name="STATION">30</Message>
				</Events>
			</ComponentStream>
			<ComponentStream component="Pathposition" componentId="pathposition" name="PathPosition">
				<Samples>
					<PathPosition dataItemId="xyzact" timestamp="2022-11-17T05:09:02.192Z" sequence="16454" name="XYZActual" subType="ACTUAL">-887.4051493862378,-248.9489326673836,-470.7999375748388</PathPosition>
				</Samples>
			</ComponentStream>
			<ComponentStream component="Rapidacceleration" componentId="rapidacceleration" name="RapidAcceleration">
				<Events>
					<Message dataItemId="accltimeconst" timestamp="2022-11-17T03:52:41.945Z" sequence="167" name="AccTimeConstant">0.025,0.025,0.025,0.0375,0.0375,0.025</Message>
				</Events>
			</ComponentStream>
			<ComponentStream component="Acceleration" componentId="acceleration" name="Acceleration">
				<Events>
					<Message dataItemId="maxaccel" timestamp="2022-11-17T03:52:41.945Z" sequence="168" name="MaxAcceleration">1464.844102,1464.844102,1464.844102,0.0,0.0,0.0</Message>
				</Events>
			</ComponentStream>
		</DeviceStream>
	</Streams>
</MTConnectStreams>
